#description: jpscore (0.8.4)
#count: 0
#framerate: 8.00
#geometry: /Users/gjaeger/Documents/hubs/JuPedSim_github/jpsreport/demos/corridor/geo_corridor.xml
#ID: the agent ID
#FR: the current frame
#X,Y,Z: the agents coordinates (in metres)
#A, B: semi-axes of the ellipse
#ANGLE: orientation of the ellipse
#COLOR: color of the ellipse

#ID	FR	X	Y	Z	A	B	ANGLE	COLOR	
1	0	9.00	1.50	0.00	0.18	0.25	0.00	0	
2	0	4.00	1.00	0.00	0.18	0.25	0.00	0	
3	0	8.00	0.50	0.00	0.18	0.25	0.00	0	
4	0	1.00	1.50	0.00	0.18	0.25	0.00	0	
5	0	6.00	1.00	0.00	0.18	0.25	0.00	0	
6	0	3.00	0.50	0.00	0.18	0.25	0.00	0	
7	0	8.00	1.00	0.00	0.18	0.25	0.00	0	
8	0	7.00	1.00	0.00	0.18	0.25	0.00	0	
9	0	7.50	1.50	0.00	0.18	0.25	0.00	0	
10	0	7.00	1.50	0.00	0.18	0.25	0.00	0	
11	0	3.50	1.50	0.00	0.18	0.25	0.00	0	
12	0	3.50	0.50	0.00	0.18	0.25	0.00	0	
13	0	4.00	1.50	0.00	0.18	0.25	0.00	0	
14	0	1.50	1.00	0.00	0.18	0.25	0.00	0	
15	0	0.50	1.50	0.00	0.18	0.25	0.00	0	
16	0	9.50	1.50	0.00	0.18	0.25	0.00	0	
17	0	2.00	1.50	0.00	0.18	0.25	0.00	0	
18	0	6.50	0.50	0.00	0.18	0.25	0.00	0	
19	0	4.00	0.50	0.00	0.18	0.25	0.00	0	
20	0	4.50	1.50	0.00	0.18	0.25	0.00	0	
1	1	9.01	1.50	0.00	0.23	0.24	-14.50	49	
2	1	4.01	1.00	0.00	0.23	0.24	-3.15	49	
3	1	8.01	0.50	0.00	0.23	0.24	9.09	51	
4	1	1.01	1.50	0.00	0.23	0.24	-9.20	46	
5	1	6.01	1.00	0.00	0.22	0.24	2.67	44	
6	1	3.01	0.50	0.00	0.22	0.24	11.21	42	
7	1	8.01	1.00	0.00	0.23	0.24	-1.06	50	
8	1	7.01	1.00	0.00	0.23	0.24	-3.02	46	
9	1	7.51	1.50	0.00	0.23	0.24	-8.26	47	
10	1	7.01	1.50	0.00	0.23	0.24	-10.08	45	
11	1	3.51	1.50	0.00	0.22	0.24	-6.54	42	
12	1	3.51	0.50	0.00	0.22	0.24	6.24	42	
13	1	4.01	1.50	0.00	0.23	0.24	-9.54	48	
14	1	1.51	1.00	0.00	0.23	0.24	-3.24	47	
15	1	0.51	1.50	0.00	0.22	0.24	-14.02	46	
16	1	9.51	1.50	0.00	0.23	0.24	-13.16	54	
17	1	2.01	1.50	0.00	0.23	0.24	-11.72	49	
18	1	6.51	0.50	0.00	0.22	0.24	6.80	45	
19	1	4.01	0.50	0.00	0.23	0.24	7.44	51	
20	1	4.51	1.50	0.00	0.23	0.24	-12.48	52	
1	2	9.02	1.50	0.00	0.27	0.23	-6.18	88	
2	2	4.02	1.00	0.00	0.27	0.23	-3.04	90	
3	2	8.03	0.50	0.00	0.27	0.23	2.41	94	
4	2	1.02	1.50	0.00	0.26	0.23	-1.30	84	
5	2	6.02	1.00	0.00	0.26	0.23	2.61	79	
6	2	3.02	0.50	0.00	0.25	0.23	2.37	75	
7	2	8.02	1.00	0.00	0.27	0.23	-1.17	93	
8	2	7.02	1.00	0.00	0.26	0.23	-2.94	83	
9	2	7.52	1.50	0.00	0.27	0.23	-0.52	87	
10	2	7.02	1.50	0.00	0.26	0.23	-2.68	82	
11	2	3.52	1.50	0.00	0.25	0.24	-10.16	76	
12	2	3.52	0.50	0.00	0.26	0.23	8.75	79	
13	2	4.02	1.50	0.00	0.27	0.23	-3.13	86	
14	2	1.52	1.00	0.00	0.27	0.23	-3.12	87	
15	2	0.52	1.50	0.00	0.26	0.23	-5.43	83	
16	2	9.53	1.50	0.00	0.28	0.23	-5.55	98	
17	2	2.02	1.50	0.00	0.27	0.23	-3.49	88	
18	2	6.52	0.50	0.00	0.26	0.23	8.12	85	
19	2	4.03	0.50	0.00	0.27	0.23	1.71	95	
20	2	4.52	1.50	0.00	0.27	0.23	-4.73	94	
1	3	9.05	1.49	0.00	0.30	0.23	-3.54	119	
2	3	4.05	1.00	0.00	0.30	0.23	-2.93	123	
3	3	8.05	0.50	0.00	0.31	0.23	0.62	128	
4	3	1.05	1.50	0.00	0.29	0.23	-5.44	112	
5	3	6.04	1.00	0.00	0.28	0.23	2.59	105	
6	3	3.04	0.50	0.00	0.28	0.23	7.81	100	
7	3	8.05	1.00	0.00	0.30	0.23	-1.32	125	
8	3	7.05	1.00	0.00	0.29	0.23	-2.90	109	
9	3	7.55	1.50	0.00	0.30	0.23	-4.02	118	
10	3	7.05	1.50	0.00	0.29	0.23	-0.57	109	
11	3	3.54	1.50	0.00	0.28	0.23	-3.04	99	
12	3	3.54	0.50	0.00	0.28	0.23	1.88	106	
13	3	4.05	1.50	0.00	0.30	0.23	-1.45	116	
14	3	1.55	1.00	0.00	0.29	0.23	-2.99	117	
15	3	0.55	1.49	0.00	0.29	0.23	-2.63	111	
16	3	9.55	1.49	0.00	0.31	0.22	-3.16	133	
17	3	2.05	1.50	0.00	0.30	0.23	-0.91	119	
18	3	6.55	0.50	0.00	0.29	0.23	1.20	113	
19	3	4.05	0.50	0.00	0.31	0.22	0.32	128	
20	3	4.55	1.49	0.00	0.30	0.22	-2.24	126	
1	4	9.08	1.49	0.00	0.32	0.22	-2.28	142	
2	4	4.08	1.00	0.00	0.33	0.22	-2.82	147	
3	4	8.09	0.50	0.00	0.33	0.22	4.96	155	
4	4	1.08	1.49	0.00	0.31	0.22	-1.89	132	
5	4	6.07	1.00	0.00	0.30	0.23	2.47	124	
6	4	3.07	0.51	0.00	0.29	0.23	3.33	116	
7	4	8.09	1.00	0.00	0.33	0.22	-1.59	150	
8	4	7.08	1.00	0.00	0.31	0.22	-2.78	128	
9	4	7.58	1.49	0.00	0.32	0.22	-0.86	142	
10	4	7.08	1.49	0.00	0.31	0.22	-4.95	131	
11	4	3.57	1.49	0.00	0.29	0.23	0.08	117	
12	4	3.57	0.51	0.00	0.31	0.22	4.90	128	
13	4	4.08	1.50	0.00	0.32	0.22	-0.70	140	
14	4	1.58	1.00	0.00	0.32	0.22	-2.94	139	
15	4	0.58	1.49	0.00	0.31	0.22	-1.15	132	
16	4	9.59	1.49	0.00	0.34	0.22	-2.03	160	
17	4	2.08	1.49	0.00	0.32	0.22	-5.11	142	
18	4	6.58	0.51	0.00	0.31	0.22	3.12	136	
19	4	4.09	0.51	0.00	0.33	0.22	4.26	154	
20	4	4.59	1.49	0.00	0.33	0.22	-0.96	150	
1	5	9.12	1.49	0.00	0.34	0.22	-1.56	161	
2	5	4.12	0.99	0.00	0.34	0.22	-2.75	166	
3	5	8.13	0.51	0.00	0.35	0.22	2.61	175	
4	5	1.11	1.49	0.00	0.33	0.22	-5.55	148	
5	5	6.11	1.00	0.00	0.32	0.22	2.32	137	
6	5	3.10	0.51	0.00	0.31	0.22	0.64	129	
7	5	8.13	1.00	0.00	0.35	0.22	-1.86	167	
8	5	7.11	0.99	0.00	0.32	0.22	-2.63	142	
9	5	7.62	1.49	0.00	0.34	0.22	-3.63	161	
10	5	7.11	1.49	0.00	0.32	0.22	-2.29	146	
11	5	3.60	1.49	0.00	0.31	0.23	-2.87	131	
12	5	3.61	0.51	0.00	0.32	0.22	1.22	144	
13	5	4.12	1.49	0.00	0.34	0.22	-0.29	158	
14	5	1.62	0.99	0.00	0.33	0.22	-2.90	155	
15	5	0.61	1.49	0.00	0.32	0.22	-0.18	148	
16	5	9.63	1.49	0.00	0.36	0.21	-1.39	181	
17	5	2.12	1.49	0.00	0.34	0.22	-2.48	159	
18	5	6.61	0.51	0.00	0.33	0.22	4.84	154	
19	5	4.13	0.51	0.00	0.35	0.22	2.18	173	
20	5	4.63	1.49	0.00	0.34	0.22	-0.18	167	
1	6	9.16	1.49	0.00	0.35	0.22	-1.11	175	
2	6	4.17	0.99	0.00	0.36	0.21	-2.79	180	
3	6	8.17	0.51	0.00	0.37	0.21	1.26	190	
4	6	1.15	1.49	0.00	0.34	0.22	-2.56	159	
5	6	6.14	1.01	0.00	0.33	0.22	2.14	147	
6	6	3.13	0.51	0.00	0.32	0.22	4.07	139	
7	6	8.17	1.00	0.00	0.36	0.21	-2.10	181	
8	6	7.15	0.99	0.00	0.33	0.22	-2.46	152	
9	6	7.66	1.49	0.00	0.35	0.21	-1.16	175	
10	6	7.15	1.49	0.00	0.33	0.22	-0.61	157	
11	6	3.63	1.49	0.00	0.32	0.22	-0.29	141	
12	6	3.64	0.51	0.00	0.33	0.22	3.76	157	
13	6	4.16	1.49	0.00	0.35	0.22	-0.02	171	
14	6	1.66	0.99	0.00	0.34	0.22	-2.86	167	
15	6	0.65	1.49	0.00	0.34	0.22	-3.82	160	
16	6	9.68	1.49	0.00	0.38	0.21	-0.99	197	
17	6	2.16	1.49	0.00	0.35	0.22	-0.82	172	
18	6	6.65	0.51	0.00	0.34	0.22	0.79	166	
19	6	4.17	0.51	0.00	0.37	0.21	0.96	188	
20	6	4.67	1.49	0.00	0.36	0.21	-3.57	181	
1	7	9.21	1.49	0.00	0.36	0.21	-0.80	187	
2	7	4.21	0.99	0.00	0.37	0.21	-2.78	192	
3	7	8.22	0.51	0.00	0.38	0.21	0.43	203	
4	7	1.19	1.49	0.00	0.35	0.22	-0.57	168	
5	7	6.18	1.01	0.00	0.33	0.22	1.98	155	
6	7	3.17	0.51	0.00	0.32	0.22	1.35	146	
7	7	8.21	0.99	0.00	0.37	0.21	-2.28	191	
8	7	7.18	0.99	0.00	0.34	0.22	-2.31	160	
9	7	7.70	1.49	0.00	0.36	0.21	-3.88	187	
10	7	7.19	1.49	0.00	0.34	0.22	-3.96	166	
11	7	3.67	1.49	0.00	0.32	0.22	-3.00	149	
12	7	3.68	0.51	0.00	0.34	0.22	0.87	166	
13	7	4.20	1.49	0.00	0.36	0.21	-3.40	182	
14	7	1.70	0.99	0.00	0.35	0.22	-2.83	176	
15	7	0.69	1.49	0.00	0.34	0.22	-2.08	169	
16	7	9.73	1.49	0.00	0.39	0.21	-0.72	210	
17	7	2.20	1.49	0.00	0.36	0.21	-4.12	182	
18	7	6.70	0.51	0.00	0.35	0.22	2.06	176	
19	7	4.22	0.51	0.00	0.38	0.21	0.20	200	
20	7	4.71	1.49	0.00	0.37	0.21	-2.10	190	
1	8	9.25	1.49	0.00	0.37	0.21	-0.60	195	
2	8	4.26	0.99	0.00	0.38	0.21	-2.74	200	
3	8	8.27	0.51	0.00	0.39	0.21	3.63	213	
4	8	1.23	1.49	0.00	0.35	0.22	-3.32	176	
5	8	6.22	1.01	0.00	0.34	0.22	1.84	160	
6	8	3.20	0.51	0.00	0.33	0.22	4.82	152	
7	8	8.26	0.99	0.00	0.38	0.21	-2.38	199	
8	8	7.22	0.99	0.00	0.34	0.22	-2.19	165	
9	8	7.75	1.49	0.00	0.37	0.21	-1.59	195	
10	8	7.23	1.49	0.00	0.35	0.22	-1.86	172	
11	8	3.71	1.49	0.00	0.33	0.22	-0.58	155	
12	8	3.73	0.51	0.00	0.35	0.22	3.14	174	
13	8	4.25	1.49	0.00	0.37	0.21	-2.16	190	
14	8	1.74	0.99	0.00	0.36	0.21	-2.80	183	
15	8	0.73	1.49	0.00	0.35	0.21	-0.83	175	
16	8	9.78	1.49	0.00	0.40	0.21	-0.53	220	
17	8	2.25	1.49	0.00	0.37	0.21	-2.09	188	
18	8	6.74	0.51	0.00	0.36	0.21	3.35	184	
19	8	4.27	0.51	0.00	0.39	0.21	2.99	210	
20	8	4.76	1.49	0.00	0.37	0.21	-1.05	198	
1	9	9.30	1.49	0.00	0.38	0.21	-0.45	202	
2	9	4.31	0.98	0.00	0.38	0.21	-2.69	207	
3	9	8.33	0.51	0.00	0.40	0.21	2.14	219	
4	9	1.28	1.49	0.00	0.36	0.21	-1.25	181	
5	9	6.26	1.01	0.00	0.34	0.22	1.72	164	
6	9	3.24	0.51	0.00	0.33	0.22	2.03	155	
7	9	8.31	0.99	0.00	0.38	0.21	-2.41	205	
8	9	7.27	0.99	0.00	0.35	0.22	-2.11	169	
9	9	7.80	1.49	0.00	0.38	0.21	0.01	201	
10	9	7.27	1.49	0.00	0.35	0.21	-0.42	177	
11	9	3.75	1.49	0.00	0.33	0.22	-3.23	160	
12	9	3.77	0.51	0.00	0.36	0.21	0.67	179	
13	9	4.29	1.49	0.00	0.38	0.21	-1.31	196	
14	9	1.79	0.99	0.00	0.36	0.21	-2.77	188	
15	9	0.78	1.49	0.00	0.36	0.21	-4.56	181	
16	9	9.84	1.49	0.00	0.40	0.21	-0.40	228	
17	9	2.30	1.49	0.00	0.37	0.21	-0.65	193	
18	9	6.79	0.51	0.00	0.36	0.21	0.11	189	
19	9	4.32	0.51	0.00	0.39	0.21	1.64	216	
20	9	4.81	1.49	0.00	0.38	0.21	-0.28	204	
1	10	9.35	1.49	0.00	0.38	0.21	-0.34	208	
2	10	4.36	0.98	0.00	0.39	0.21	-2.73	212	
3	10	8.38	0.51	0.00	0.40	0.21	1.14	225	
4	10	1.32	1.48	0.00	0.36	0.21	-4.20	186	
5	10	6.30	1.01	0.00	0.35	0.22	1.63	167	
6	10	3.28	0.51	0.00	0.34	0.22	0.11	158	
7	10	8.36	0.99	0.00	0.39	0.21	-2.43	210	
8	10	7.31	0.99	0.00	0.35	0.22	-2.06	173	
9	10	7.85	1.48	0.00	0.38	0.21	-1.94	207	
10	10	7.32	1.49	0.00	0.36	0.21	-3.34	181	
11	10	3.79	1.48	0.00	0.34	0.22	-0.84	163	
12	10	3.81	0.52	0.00	0.36	0.21	2.81	184	
13	10	4.34	1.49	0.00	0.38	0.21	-0.71	201	
14	10	1.84	0.98	0.00	0.37	0.21	-2.75	192	
15	10	0.82	1.48	0.00	0.36	0.21	-2.71	184	
16	10	9.90	1.49	0.00	0.41	0.20	-0.30	234	
17	10	2.34	1.48	0.00	0.38	0.21	-3.52	197	
18	10	6.83	0.52	0.00	0.37	0.21	1.04	193	
19	10	4.38	0.51	0.00	0.40	0.21	0.70	221	
20	10	4.86	1.48	0.00	0.38	0.21	-3.27	208	
1	11	9.40	1.49	0.00	0.39	0.21	-0.26	212	
2	11	4.41	0.98	0.00	0.39	0.21	-2.74	215	
3	11	8.44	0.52	0.00	0.41	0.21	0.42	229	
4	11	1.37	1.48	0.00	0.36	0.21	-1.97	188	
5	11	6.34	1.01	0.00	0.35	0.22	1.57	169	
6	11	3.32	0.52	0.00	0.34	0.22	2.76	161	
7	11	8.42	0.99	0.00	0.39	0.21	-2.45	214	
8	11	7.35	0.99	0.00	0.35	0.22	-2.03	175	
9	11	7.90	1.48	0.00	0.39	0.21	-0.32	210	
10	11	7.36	1.48	0.00	0.36	0.21	-1.55	183	
11	11	3.83	1.48	0.00	0.34	0.22	-3.52	166	
12	11	3.86	0.52	0.00	0.36	0.21	0.55	187	
13	11	4.39	1.49	0.00	0.38	0.21	-0.27	204	
14	11	1.88	0.98	0.00	0.37	0.21	-2.74	195	
15	11	0.87	1.48	0.00	0.36	0.21	-1.31	187	
16	11	9.95	1.49	0.00	0.42	0.20	-0.23	238	
17	11	2.39	1.48	0.00	0.38	0.21	-1.70	200	
18	11	6.88	0.52	0.00	0.37	0.21	2.02	197	
19	11	4.43	0.51	0.00	0.40	0.21	0.01	224	
20	11	4.91	1.48	0.00	0.39	0.21	-1.95	210	
1	12	9.46	1.49	0.00	0.39	0.21	-0.19	216	
2	12	4.47	0.98	0.00	0.39	0.21	-2.62	217	
3	12	8.49	0.52	0.00	0.41	0.20	3.36	233	
4	12	1.41	1.48	0.00	0.37	0.21	-0.33	190	
5	12	6.38	1.01	0.00	0.35	0.22	1.52	171	
6	12	3.36	0.52	0.00	0.34	0.22	0.73	163	
7	12	8.47	0.98	0.00	0.39	0.21	-2.41	217	
8	12	7.39	0.98	0.00	0.35	0.22	-2.01	177	
9	12	7.95	1.48	0.00	0.39	0.21	-2.41	214	
10	12	7.41	1.48	0.00	0.36	0.21	-0.27	186	
11	12	3.87	1.48	0.00	0.34	0.22	-1.10	168	
12	12	3.91	0.52	0.00	0.37	0.21	2.58	189	
13	12	4.44	1.49	0.00	0.39	0.21	-3.75	207	
14	12	1.93	0.98	0.00	0.38	0.21	-2.70	199	
15	12	0.91	1.48	0.00	0.36	0.21	-0.25	188	
17	12	2.44	1.48	0.00	0.38	0.21	-0.42	202	
18	12	6.93	0.52	0.00	0.37	0.21	3.24	200	
19	12	4.49	0.52	0.00	0.40	0.21	2.33	226	
20	12	4.97	1.48	0.00	0.39	0.21	-0.96	213	
1	13	9.51	1.49	0.00	0.40	0.21	-0.14	224	
2	13	4.52	0.97	0.00	0.40	0.21	-2.54	218	
3	13	8.55	0.52	0.00	0.41	0.20	2.21	237	
4	13	1.46	1.48	0.00	0.37	0.21	-2.78	192	
5	13	6.42	1.01	0.00	0.35	0.22	1.50	172	
6	13	3.40	0.52	0.00	0.34	0.22	3.81	165	
7	13	8.52	0.98	0.00	0.40	0.21	-2.23	220	
8	13	7.44	0.98	0.00	0.36	0.22	-2.00	179	
9	13	8.01	1.48	0.00	0.39	0.21	-0.66	217	
10	13	7.45	1.48	0.00	0.37	0.21	-3.06	188	
11	13	3.91	1.48	0.00	0.34	0.22	-3.86	169	
12	13	3.95	0.52	0.00	0.37	0.21	0.39	191	
13	13	4.49	1.48	0.00	0.39	0.21	-2.37	208	
14	13	1.98	0.98	0.00	0.38	0.21	-2.66	202	
15	13	0.96	1.48	0.00	0.37	0.21	-3.17	190	
17	13	2.49	1.48	0.00	0.38	0.21	-3.06	203	
18	13	6.98	0.52	0.00	0.38	0.21	0.07	201	
19	13	4.54	0.52	0.00	0.40	0.20	1.21	227	
20	13	5.02	1.48	0.00	0.39	0.21	-0.20	214	
1	14	9.57	1.49	0.00	0.41	0.20	-0.11	231	
2	14	4.57	0.97	0.00	0.40	0.21	-2.55	219	
3	14	8.61	0.52	0.00	0.42	0.20	1.39	239	
4	14	1.51	1.48	0.00	0.37	0.21	-0.95	193	
5	14	6.46	1.02	0.00	0.35	0.22	1.49	173	
6	14	3.44	0.52	0.00	0.34	0.22	1.56	166	
7	14	8.58	0.98	0.00	0.40	0.21	-2.11	223	
8	14	7.48	0.98	0.00	0.36	0.21	-2.01	181	
9	14	8.06	1.48	0.00	0.40	0.21	-2.80	220	
10	14	7.50	1.48	0.00	0.37	0.21	-1.45	190	
11	14	3.95	1.48	0.00	0.34	0.22	-1.35	170	
12	14	4.00	0.52	0.00	0.37	0.21	2.35	192	
13	14	4.55	1.48	0.00	0.39	0.21	-1.38	209	
14	14	2.03	0.97	0.00	0.38	0.21	-2.62	204	
15	14	1.01	1.48	0.00	0.37	0.21	-1.64	191	
17	14	2.54	1.48	0.00	0.38	0.21	-1.39	204	
18	14	7.03	0.52	0.00	0.38	0.21	0.92	202	
19	14	4.60	0.52	0.00	0.40	0.20	0.36	228	
20	14	5.07	1.48	0.00	0.39	0.21	-2.99	216	
1	15	9.62	1.49	0.00	0.41	0.20	-0.08	236	
2	15	4.63	0.97	0.00	0.40	0.21	-2.51	220	
3	15	8.67	0.52	0.00	0.42	0.20	0.80	242	
4	15	1.56	1.48	0.00	0.37	0.21	-3.63	195	
5	15	6.51	1.02	0.00	0.35	0.22	1.49	173	
6	15	3.48	0.52	0.00	0.34	0.22	-0.00	168	
7	15	8.63	0.98	0.00	0.40	0.21	-2.02	225	
8	15	7.53	0.98	0.00	0.36	0.21	-2.04	183	
9	15	8.11	1.48	0.00	0.40	0.21	-0.99	221	
10	15	7.54	1.48	0.00	0.37	0.21	-0.27	192	
11	15	3.99	1.48	0.00	0.35	0.22	-4.23	171	
12	15	4.05	0.52	0.00	0.37	0.21	0.27	193	
13	15	4.60	1.48	0.00	0.39	0.21	-0.64	210	
14	15	2.08	0.97	0.00	0.38	0.21	-2.59	205	
15	15	1.05	1.48	0.00	0.37	0.21	-0.47	191	
17	15	2.59	1.48	0.00	0.38	0.21	-0.22	205	
18	15	7.08	0.52	0.00	0.38	0.21	1.88	204	
19	15	4.66	0.52	0.00	0.41	0.20	2.96	229	
20	15	5.12	1.48	0.00	0.39	0.21	-1.74	216	
1	16	9.68	1.49	0.00	0.42	0.20	-0.06	240	
2	16	4.68	0.97	0.00	0.40	0.21	-2.42	221	
3	16	8.73	0.52	0.00	0.42	0.20	0.37	243	
4	16	1.60	1.47	0.00	0.37	0.21	-1.60	195	
5	16	6.55	1.02	0.00	0.35	0.22	1.50	174	
6	16	3.52	0.52	0.00	0.35	0.22	2.56	169	
7	16	8.69	0.97	0.00	0.40	0.20	-1.94	226	
8	16	7.57	0.98	0.00	0.36	0.21	-2.09	184	
9	16	8.17	1.48	0.00	0.40	0.21	-3.25	223	
10	16	7.59	1.48	0.00	0.37	0.21	-3.05	193	
11	16	4.03	1.48	0.00	0.35	0.22	-1.62	171	
12	16	4.09	0.52	0.00	0.37	0.21	2.27	193	
13	16	4.65	1.48	0.00	0.39	0.21	-0.09	211	
14	16	2.13	0.97	0.00	0.38	0.21	-2.60	206	
15	16	1.10	1.48	0.00	0.37	0.21	-3.52	192	
17	16	2.64	1.48	0.00	0.38	0.21	-2.60	206	
18	16	7.13	0.52	0.00	0.38	0.21	2.93	205	
19	16	4.71	0.52	0.00	0.41	0.20	1.62	229	
20	16	5.18	1.48	0.00	0.39	0.21	-0.79	217	
1	17	9.74	1.49	0.00	0.42	0.20	-0.05	244	
2	17	4.74	0.97	0.00	0.40	0.21	-2.37	221	
3	17	8.79	0.52	0.00	0.42	0.20	0.06	245	
4	17	1.65	1.47	0.00	0.37	0.21	-0.08	196	
5	17	6.59	1.02	0.00	0.35	0.22	1.53	174	
6	17	3.56	0.53	0.00	0.35	0.22	0.79	170	
7	17	8.74	0.97	0.00	0.40	0.20	-1.89	228	
8	17	7.62	0.98	0.00	0.36	0.21	-2.17	185	
9	17	8.22	1.47	0.00	0.40	0.21	-1.33	224	
10	17	7.64	1.47	0.00	0.37	0.21	-1.53	194	
11	17	4.08	1.47	0.00	0.35	0.22	-4.64	172	
12	17	4.14	0.53	0.00	0.37	0.21	0.21	194	
13	17	4.70	1.48	0.00	0.39	0.21	-2.84	212	
14	17	2.18	0.97	0.00	0.38	0.21	-2.57	207	
15	17	1.15	1.47	0.00	0.37	0.21	-1.90	192	
17	17	2.69	1.47	0.00	0.38	0.21	-1.10	206	
18	17	7.18	0.53	0.00	0.38	0.21	-0.09	205	
19	17	4.77	0.52	0.00	0.41	0.20	0.65	230	
20	17	5.23	1.48	0.00	0.39	0.21	-0.06	218	
1	18	9.80	1.49	0.00	0.42	0.20	-0.04	246	
2	18	4.79	0.96	0.00	0.40	0.21	-2.42	221	
3	18	8.85	0.52	0.00	0.42	0.20	2.70	246	
4	18	1.70	1.47	0.00	0.37	0.21	-2.31	196	
5	18	6.64	1.02	0.00	0.35	0.22	1.56	174	
6	18	3.61	0.53	0.00	0.35	0.22	3.91	172	
7	18	8.80	0.97	0.00	0.41	0.20	-1.78	229	
8	18	7.66	0.97	0.00	0.36	0.21	-2.27	186	
9	18	8.28	1.47	0.00	0.40	0.20	-3.64	225	
10	18	7.69	1.47	0.00	0.37	0.21	-0.41	195	
11	18	4.12	1.47	0.00	0.35	0.22	-1.93	172	
12	18	4.19	0.53	0.00	0.37	0.21	2.16	195	
13	18	4.75	1.48	0.00	0.39	0.21	-1.66	212	
14	18	2.23	0.96	0.00	0.38	0.21	-2.58	206	
15	18	1.19	1.47	0.00	0.37	0.21	-0.67	192	
17	18	2.74	1.47	0.00	0.38	0.21	0.01	206	
18	18	7.23	0.53	0.00	0.38	0.21	0.70	206	
19	18	4.82	0.52	0.00	0.41	0.20	3.56	231	
20	18	5.28	1.47	0.00	0.39	0.21	-2.62	218	
1	19	9.86	1.49	0.00	0.42	0.20	-0.03	248	
2	19	4.84	0.96	0.00	0.40	0.21	-2.34	221	
3	19	8.91	0.53	0.00	0.42	0.20	1.82	247	
4	19	1.75	1.47	0.00	0.37	0.21	-0.61	196	
5	19	6.68	1.02	0.00	0.35	0.22	1.60	174	
6	19	3.65	0.53	0.00	0.35	0.22	1.80	174	
7	19	8.85	0.97	0.00	0.41	0.20	-1.68	229	
8	19	7.71	0.97	0.00	0.36	0.21	-2.38	187	
9	19	8.33	1.47	0.00	0.40	0.20	-1.58	225	
10	19	7.74	1.47	0.00	0.37	0.21	-3.44	196	
11	19	4.16	1.47	0.00	0.35	0.22	-0.00	173	
12	19	4.24	0.53	0.00	0.37	0.21	0.22	196	
13	19	4.81	1.48	0.00	0.39	0.21	-0.76	212	
14	19	2.28	0.96	0.00	0.38	0.21	-2.62	205	
15	19	1.24	1.47	0.00	0.37	0.21	-3.84	193	
17	19	2.79	1.47	0.00	0.38	0.21	-2.22	207	
18	19	7.28	0.53	0.00	0.38	0.21	1.58	206	
19	19	4.88	0.53	0.00	0.41	0.20	1.98	230	
20	19	5.34	1.47	0.00	0.39	0.21	-1.45	218	
1	20	9.92	1.49	0.00	0.42	0.20	-0.02	249	
2	20	4.90	0.96	0.00	0.40	0.21	-2.28	222	
3	20	8.97	0.53	0.00	0.42	0.20	1.17	247	
4	20	1.80	1.47	0.00	0.37	0.21	-3.10	197	
5	20	6.72	1.02	0.00	0.35	0.22	1.65	175	
6	20	3.69	0.53	0.00	0.35	0.22	0.26	175	
7	20	8.91	0.97	0.00	0.41	0.20	-1.61	230	
8	20	7.75	0.97	0.00	0.37	0.21	-2.49	188	
9	20	8.39	1.47	0.00	0.40	0.20	-0.08	226	
10	20	7.78	1.47	0.00	0.37	0.21	-1.92	197	
11	20	4.20	1.47	0.00	0.35	0.22	-2.25	174	
12	20	4.29	0.53	0.00	0.37	0.21	2.18	196	
13	20	4.86	1.48	0.00	0.39	0.21	-0.12	212	
14	20	2.33	0.96	0.00	0.38	0.21	-2.65	205	
15	20	1.29	1.47	0.00	0.37	0.21	-2.18	193	
17	20	2.85	1.47	0.00	0.38	0.21	-0.84	207	
18	20	7.33	0.53	0.00	0.38	0.21	2.57	207	
19	20	4.94	0.53	0.00	0.41	0.20	0.86	230	
20	20	5.39	1.47	0.00	0.39	0.21	-0.55	218	
1	21	9.98	1.49	0.00	0.43	0.20	-0.02	251	
2	21	4.95	0.96	0.00	0.40	0.21	-2.27	222	
3	21	9.03	0.53	0.00	0.42	0.20	0.68	248	
4	21	1.84	1.47	0.00	0.37	0.21	-1.22	197	
5	21	6.76	1.02	0.00	0.35	0.22	1.70	175	
6	21	3.73	0.53	0.00	0.35	0.22	2.98	177	
7	21	8.97	0.97	0.00	0.41	0.20	-1.56	230	
8	21	7.80	0.97	0.00	0.37	0.21	-2.60	189	
9	21	8.44	1.47	0.00	0.40	0.20	-1.84	226	
10	21	7.83	1.47	0.00	0.37	0.21	-0.79	198	
11	21	4.25	1.47	0.00	0.35	0.22	-0.24	175	
12	21	4.33	0.53	0.00	0.37	0.21	0.23	197	
13	21	4.91	1.47	0.00	0.39	0.21	-2.79	212	
14	21	2.38	0.96	0.00	0.38	0.21	-2.67	204	
15	21	1.34	1.47	0.00	0.37	0.21	-0.92	193	
17	21	2.90	1.47	0.00	0.39	0.21	-3.78	208	
18	21	7.38	0.53	0.00	0.38	0.21	3.75	208	
19	21	4.99	0.53	0.00	0.41	0.20	0.05	230	
20	21	5.44	1.47	0.00	0.39	0.21	-3.63	219	
2	22	5.01	0.95	0.00	0.40	0.21	-2.26	221	
3	22	9.09	0.53	0.00	0.43	0.20	0.46	249	
4	22	1.89	1.47	0.00	0.37	0.21	-3.98	197	
5	22	6.81	1.02	0.00	0.35	0.22	1.75	175	
6	22	3.78	0.53	0.00	0.36	0.22	1.12	179	
7	22	9.02	0.96	0.00	0.41	0.20	-1.05	234	
8	22	7.85	0.97	0.00	0.37	0.21	-2.66	191	
9	22	8.50	1.47	0.00	0.40	0.20	-0.25	228	
10	22	7.88	1.47	0.00	0.38	0.21	0.06	199	
11	22	4.29	1.47	0.00	0.35	0.22	-2.47	176	
12	22	4.38	0.53	0.00	0.37	0.21	2.15	197	
13	22	4.96	1.47	0.00	0.39	0.21	-1.53	212	
14	22	2.43	0.96	0.00	0.38	0.21	-2.70	204	
15	22	1.38	1.47	0.00	0.37	0.21	0.03	193	
17	22	2.95	1.47	0.00	0.38	0.21	-1.97	207	
18	22	7.43	0.53	0.00	0.38	0.21	0.47	208	
19	22	5.05	0.53	0.00	0.41	0.20	2.15	230	
20	22	5.50	1.47	0.00	0.39	0.21	-2.20	218	
2	23	5.06	0.95	0.00	0.40	0.21	-2.21	222	
3	23	9.15	0.53	0.00	0.43	0.20	0.36	250	
4	23	1.94	1.46	0.00	0.37	0.21	-1.93	197	
5	23	6.85	1.03	0.00	0.35	0.22	1.82	175	
6	23	3.82	0.53	0.00	0.36	0.21	4.35	181	
7	23	9.08	0.96	0.00	0.42	0.20	-0.52	238	
8	23	7.89	0.96	0.00	0.37	0.21	-2.71	192	
9	23	8.56	1.46	0.00	0.41	0.20	-2.06	229	
10	23	7.93	1.47	0.00	0.38	0.21	-2.59	201	
11	23	4.33	1.47	0.00	0.35	0.22	-0.39	176	
12	23	4.43	0.53	0.00	0.37	0.21	0.18	196	
13	23	5.01	1.47	0.00	0.39	0.21	-0.62	212	
14	23	2.48	0.95	0.00	0.38	0.21	-2.72	204	
15	23	1.43	1.46	0.00	0.37	0.21	-2.64	194	
17	23	3.00	1.47	0.00	0.38	0.21	-0.69	207	
18	23	7.48	0.53	0.00	0.38	0.21	1.29	208	
19	23	5.11	0.53	0.00	0.41	0.20	0.92	230	
20	23	5.55	1.46	0.00	0.39	0.21	-1.10	218	
2	24	5.12	0.95	0.00	0.40	0.21	-2.18	222	
3	24	9.21	0.53	0.00	0.43	0.20	0.27	251	
4	24	1.99	1.46	0.00	0.37	0.21	-0.38	198	
5	24	6.89	1.03	0.00	0.35	0.22	1.88	175	
6	24	3.87	0.54	0.00	0.36	0.21	2.11	182	
7	24	9.14	0.96	0.00	0.42	0.20	-0.14	242	
8	24	7.94	0.96	0.00	0.37	0.21	-2.77	194	
9	24	8.61	1.46	0.00	0.41	0.20	-0.42	230	
10	24	7.98	1.46	0.00	0.38	0.21	-1.36	202	
11	24	4.38	1.46	0.00	0.35	0.22	-2.74	177	
12	24	4.48	0.54	0.00	0.37	0.21	2.10	196	
13	24	5.07	1.47	0.00	0.39	0.21	0.04	212	
14	24	2.53	0.95	0.00	0.38	0.21	-2.74	204	
15	24	1.48	1.46	0.00	0.37	0.21	-1.30	194	
17	24	3.05	1.46	0.00	0.39	0.21	-3.47	208	
18	24	7.54	0.54	0.00	0.38	0.21	2.28	209	
19	24	5.16	0.53	0.00	0.41	0.20	0.05	230	
20	24	5.61	1.46	0.00	0.39	0.21	-0.27	218	
2	25	5.17	0.95	0.00	0.40	0.21	-2.15	221	
3	25	9.28	0.53	0.00	0.43	0.20	0.21	252	
4	25	2.04	1.46	0.00	0.37	0.21	-2.80	199	
5	25	6.94	1.03	0.00	0.35	0.22	1.94	175	
6	25	3.91	0.54	0.00	0.36	0.21	0.53	184	
7	25	9.20	0.96	0.00	0.42	0.20	0.15	244	
8	25	7.99	0.96	0.00	0.37	0.21	-2.84	195	
9	25	8.67	1.46	0.00	0.41	0.20	-2.30	231	
10	25	8.03	1.46	0.00	0.38	0.21	-0.44	203	
11	25	4.42	1.46	0.00	0.35	0.22	-0.57	178	
12	25	4.53	0.54	0.00	0.37	0.21	0.11	195	
13	25	5.12	1.47	0.00	0.39	0.21	-2.34	212	
14	25	2.58	0.95	0.00	0.38	0.21	-2.77	204	
15	25	1.53	1.46	0.00	0.37	0.21	-0.30	194	
17	25	3.10	1.46	0.00	0.38	0.21	-1.79	207	
18	25	7.59	0.54	0.00	0.38	0.21	3.44	209	
19	25	5.22	0.54	0.00	0.41	0.20	2.12	230	
20	25	5.66	1.46	0.00	0.39	0.21	-3.02	219	
2	26	5.22	0.95	0.00	0.40	0.21	-2.14	221	
3	26	9.34	0.53	0.00	0.43	0.20	0.16	253	
4	26	2.09	1.46	0.00	0.38	0.21	-1.05	200	
5	26	6.98	1.03	0.00	0.35	0.22	2.01	176	
6	26	3.96	0.54	0.00	0.36	0.21	3.25	186	
7	26	9.26	0.96	0.00	0.42	0.20	0.36	246	
8	26	8.04	0.96	0.00	0.37	0.21	-2.91	196	
9	26	8.73	1.46	0.00	0.41	0.20	-0.60	232	
10	26	8.08	1.46	0.00	0.38	0.21	-3.65	204	
11	26	4.46	1.46	0.00	0.35	0.22	-2.89	178	
12	26	4.57	0.54	0.00	0.37	0.21	1.97	194	
13	26	5.17	1.47	0.00	0.39	0.21	-1.15	212	
14	26	2.63	0.95	0.00	0.38	0.21	-2.79	204	
15	26	1.57	1.46	0.00	0.37	0.21	-3.27	195	
17	26	3.15	1.46	0.00	0.38	0.21	-0.53	207	
18	26	7.64	0.54	0.00	0.38	0.21	0.30	209	
19	26	5.28	0.54	0.00	0.41	0.20	0.83	230	
20	26	5.71	1.46	0.00	0.39	0.21	-1.72	218	
2	27	5.28	0.94	0.00	0.40	0.21	-2.11	221	
3	27	9.40	0.53	0.00	0.43	0.20	0.13	253	
4	27	2.14	1.46	0.00	0.38	0.21	-3.83	202	
5	27	7.02	1.03	0.00	0.35	0.22	2.09	176	
6	27	4.00	0.54	0.00	0.36	0.21	1.31	187	
7	27	9.32	0.96	0.00	0.42	0.20	0.52	248	
8	27	8.09	0.95	0.00	0.37	0.21	-2.97	197	
9	27	8.78	1.46	0.00	0.41	0.20	-2.49	233	
10	27	8.13	1.46	0.00	0.38	0.21	-2.24	205	
11	27	4.51	1.46	0.00	0.35	0.22	-0.65	178	
12	27	4.62	0.54	0.00	0.37	0.21	0.02	193	
13	27	5.22	1.46	0.00	0.39	0.21	-0.30	212	
14	27	2.68	0.94	0.00	0.38	0.21	-2.81	204	
15	27	1.62	1.46	0.00	0.37	0.21	-1.82	195	
17	27	3.20	1.46	0.00	0.38	0.21	-3.22	207	
18	27	7.69	0.54	0.00	0.38	0.21	1.08	209	
19	27	5.33	0.54	0.00	0.41	0.20	3.59	230	
20	27	5.77	1.46	0.00	0.39	0.21	-0.72	218	
2	28	5.33	0.94	0.00	0.40	0.21	-2.00	221	
3	28	9.46	0.53	0.00	0.43	0.20	0.10	253	
4	28	2.19	1.46	0.00	0.38	0.21	-1.86	202	
5	28	7.07	1.03	0.00	0.35	0.22	2.17	176	
6	28	4.05	0.54	0.00	0.36	0.21	-0.07	188	
7	28	9.38	0.97	0.00	0.43	0.20	0.65	249	
8	28	8.13	0.95	0.00	0.37	0.21	-3.02	198	
9	28	8.84	1.46	0.00	0.41	0.20	-0.73	233	
10	28	8.18	1.46	0.00	0.38	0.21	-1.19	205	
11	28	4.55	1.46	0.00	0.35	0.22	-2.92	179	
12	28	4.67	0.54	0.00	0.37	0.21	1.92	193	
13	28	5.27	1.46	0.00	0.39	0.21	-3.01	212	
14	28	2.73	0.94	0.00	0.38	0.21	-2.83	205	
15	28	1.67	1.46	0.00	0.37	0.21	-0.73	195	
17	28	3.25	1.46	0.00	0.38	0.21	-1.62	206	
18	28	7.74	0.54	0.00	0.38	0.21	2.04	210	
19	28	5.39	0.54	0.00	0.41	0.20	1.89	230	
20	28	5.82	1.46	0.00	0.39	0.21	0.04	218	
2	29	5.39	0.94	0.00	0.40	0.21	-2.06	221	
3	29	9.53	0.53	0.00	0.43	0.20	0.08	254	
4	29	2.24	1.46	0.00	0.38	0.21	-0.32	201	
5	29	7.11	1.04	0.00	0.35	0.22	2.24	176	
6	29	4.10	0.54	0.00	0.37	0.21	2.17	189	
7	29	9.44	0.97	0.00	0.43	0.20	0.75	250	
8	29	8.18	0.95	0.00	0.38	0.21	-3.07	199	
9	29	8.90	1.46	0.00	0.41	0.20	-2.65	233	
10	29	8.23	1.46	0.00	0.38	0.21	-0.42	206	
11	29	4.59	1.46	0.00	0.35	0.22	-0.66	179	
12	29	4.72	0.54	0.00	0.37	0.21	-0.02	193	
13	29	5.33	1.46	0.00	0.39	0.21	-1.57	211	
14	29	2.78	0.94	0.00	0.38	0.21	-2.85	205	
15	29	1.72	1.46	0.00	0.37	0.21	-4.19	196	
17	29	3.30	1.46	0.00	0.38	0.21	-0.42	206	
18	29	7.79	0.54	0.00	0.38	0.21	3.15	210	
19	29	5.45	0.54	0.00	0.41	0.20	0.61	229	
20	29	5.87	1.46	0.00	0.39	0.21	-2.35	218	
2	30	5.44	0.94	0.00	0.40	0.21	-2.03	221	
3	30	9.59	0.53	0.00	0.43	0.20	0.06	254	
4	30	2.28	1.45	0.00	0.38	0.21	-2.67	200	
5	30	7.15	1.04	0.00	0.35	0.22	2.32	177	
6	30	4.14	0.55	0.00	0.37	0.21	0.51	190	
7	30	9.51	0.97	0.00	0.43	0.20	0.82	251	
8	30	8.23	0.95	0.00	0.38	0.21	-3.11	200	
9	30	8.96	1.45	0.00	0.41	0.20	-0.85	233	
10	30	8.28	1.46	0.00	0.38	0.21	-3.74	207	
11	30	4.64	1.45	0.00	0.35	0.22	-2.89	180	
12	30	4.76	0.55	0.00	0.37	0.21	1.85	192	
13	30	5.38	1.46	0.00	0.39	0.21	-0.54	211	
14	30	2.83	0.94	0.00	0.38	0.21	-2.88	205	
15	30	1.77	1.45	0.00	0.37	0.21	-2.55	196	
17	30	3.35	1.45	0.00	0.38	0.21	-3.09	206	
18	30	7.84	0.54	0.00	0.38	0.21	0.14	210	
19	30	5.50	0.54	0.00	0.41	0.20	3.09	230	
20	30	5.93	1.45	0.00	0.39	0.21	-1.17	218	
2	31	5.50	0.94	0.00	0.40	0.21	-1.93	221	
3	31	9.65	0.53	0.00	0.43	0.20	0.05	254	
4	31	2.33	1.45	0.00	0.38	0.21	-0.92	199	
5	31	7.20	1.04	0.00	0.36	0.22	2.42	177	
6	31	4.19	0.55	0.00	0.37	0.21	3.08	191	
7	31	9.57	0.97	0.00	0.43	0.20	0.87	252	
8	31	8.28	0.94	0.00	0.38	0.21	-3.15	201	
9	31	9.01	1.45	0.00	0.41	0.20	-2.81	233	
10	31	8.33	1.45	0.00	0.38	0.21	-2.42	208	
11	31	4.68	1.45	0.00	0.36	0.22	-0.64	181	
12	31	4.81	0.55	0.00	0.37	0.21	-0.07	192	
13	31	5.43	1.46	0.00	0.39	0.21	-3.43	212	
14	31	2.88	0.93	0.00	0.38	0.21	-2.89	205	
15	31	1.81	1.45	0.00	0.37	0.21	-1.30	196	
17	31	3.40	1.45	0.00	0.38	0.21	-1.52	205	
18	31	7.90	0.55	0.00	0.38	0.21	0.88	210	
19	31	5.56	0.54	0.00	0.40	0.20	1.47	229	
20	31	5.98	1.45	0.00	0.39	0.21	-0.25	217	
2	32	5.55	0.93	0.00	0.40	0.21	-1.98	221	
3	32	9.71	0.53	0.00	0.43	0.20	0.04	254	
4	32	2.38	1.45	0.00	0.38	0.21	-3.55	199	
5	32	7.24	1.04	0.00	0.36	0.22	2.50	178	
6	32	4.24	0.55	0.00	0.37	0.21	1.12	191	
7	32	9.63	0.97	0.00	0.43	0.20	0.92	252	
8	32	8.33	0.94	0.00	0.38	0.21	-3.18	202	
9	32	9.07	1.45	0.00	0.41	0.20	-0.97	233	
10	32	8.38	1.45	0.00	0.39	0.21	-1.43	208	
11	32	4.73	1.45	0.00	0.36	0.22	-2.84	182	
12	32	4.86	0.55	0.00	0.37	0.21	1.81	191	
13	32	5.48	1.46	0.00	0.39	0.21	-1.81	211	
14	32	2.94	0.93	0.00	0.38	0.21	-2.90	205	
15	32	1.86	1.45	0.00	0.37	0.21	-0.36	196	
17	32	3.45	1.45	0.00	0.38	0.21	-0.36	204	
18	32	7.95	0.55	0.00	0.38	0.21	1.80	210	
19	32	5.61	0.55	0.00	0.40	0.20	0.29	229	
20	32	6.03	1.45	0.00	0.39	0.21	-2.85	217	
2	33	5.60	0.93	0.00	0.40	0.21	-1.95	221	
3	33	9.77	0.53	0.00	0.43	0.20	0.03	254	
4	33	2.43	1.45	0.00	0.37	0.21	-1.59	198	
5	33	7.28	1.04	0.00	0.36	0.22	2.59	178	
6	33	4.28	0.55	0.00	0.37	0.21	4.00	193	
7	33	9.69	0.97	0.00	0.43	0.20	0.95	252	
8	33	8.38	0.94	0.00	0.38	0.21	-3.21	204	
9	33	9.13	1.45	0.00	0.41	0.20	-2.97	233	
10	33	8.43	1.45	0.00	0.39	0.21	-0.68	209	
11	33	4.77	1.45	0.00	0.36	0.22	-0.61	182	
12	33	4.90	0.55	0.00	0.37	0.21	-0.10	191	
13	33	5.53	1.46	0.00	0.39	0.21	-0.64	211	
14	33	2.99	0.93	0.00	0.38	0.21	-2.94	205	
15	33	1.91	1.45	0.00	0.37	0.21	-3.50	197	
17	33	3.50	1.45	0.00	0.38	0.21	-3.11	204	
18	33	8.00	0.55	0.00	0.38	0.21	2.89	211	
19	33	5.67	0.55	0.00	0.40	0.20	2.36	228	
20	33	6.09	1.45	0.00	0.39	0.21	-1.46	216	
2	34	5.66	0.93	0.00	0.40	0.21	-1.89	221	
3	34	9.84	0.53	0.00	0.43	0.20	0.02	254	
4	34	2.48	1.45	0.00	0.37	0.21	-0.09	198	
5	34	7.33	1.04	0.00	0.36	0.21	2.67	178	
6	34	4.33	0.55	0.00	0.37	0.21	1.74	192	
7	34	9.75	0.97	0.00	0.43	0.20	0.98	253	
8	34	8.43	0.94	0.00	0.38	0.21	-3.23	205	
9	34	9.18	1.45	0.00	0.41	0.20	-1.09	233	
10	34	8.49	1.45	0.00	0.39	0.21	-0.13	210	
11	34	4.82	1.45	0.00	0.36	0.22	-2.79	183	
12	34	4.95	0.55	0.00	0.37	0.21	1.83	191	
13	34	5.58	1.45	0.00	0.39	0.21	-3.56	211	
14	34	3.04	0.93	0.00	0.38	0.21	-2.95	205	
15	34	1.96	1.45	0.00	0.37	0.21	-2.05	197	
17	34	3.55	1.45	0.00	0.38	0.21	-1.51	203	
18	34	8.05	0.55	0.00	0.39	0.21	0.03	211	
19	34	5.73	0.55	0.00	0.40	0.20	0.90	228	
20	34	6.14	1.45	0.00	0.39	0.21	-0.38	215	
2	35	5.71	0.93	0.00	0.40	0.21	-1.94	220	
3	35	9.90	0.53	0.00	0.43	0.20	0.02	254	
4	35	2.53	1.45	0.00	0.37	0.21	-2.31	198	
5	35	7.37	1.05	0.00	0.36	0.21	2.76	179	
6	35	4.38	0.55	0.00	0.37	0.21	0.17	192	
7	35	9.82	0.97	0.00	0.43	0.20	1.00	253	
8	35	8.48	0.93	0.00	0.38	0.21	-3.24	206	
9	35	9.24	1.45	0.00	0.41	0.20	-3.14	233	
10	35	8.54	1.45	0.00	0.39	0.21	-3.12	211	
11	35	4.86	1.45	0.00	0.36	0.22	-0.57	183	
12	35	5.00	0.55	0.00	0.37	0.21	-0.07	191	
13	35	5.64	1.45	0.00	0.39	0.21	-1.85	211	
14	35	3.09	0.92	0.00	0.38	0.21	-2.95	206	
15	35	2.01	1.45	0.00	0.37	0.21	-0.96	197	
17	35	3.60	1.45	0.00	0.38	0.21	-0.39	203	
18	35	8.10	0.55	0.00	0.39	0.21	0.86	211	
19	35	5.78	0.55	0.00	0.40	0.20	3.41	228	
20	35	6.19	1.45	0.00	0.39	0.21	-2.96	214	
2	36	5.77	0.93	0.00	0.40	0.21	-1.92	220	
3	36	9.96	0.53	0.00	0.43	0.20	0.01	254	
4	36	2.58	1.44	0.00	0.37	0.21	-0.64	198	
5	36	7.41	1.05	0.00	0.36	0.21	2.86	179	
6	36	4.43	0.55	0.00	0.37	0.21	2.35	192	
7	36	9.88	0.97	0.00	0.43	0.20	1.01	253	
8	36	8.53	0.93	0.00	0.38	0.21	-3.25	208	
9	36	9.30	1.44	0.00	0.41	0.20	-1.22	232	
10	36	8.59	1.45	0.00	0.39	0.21	-2.03	211	
11	36	4.91	1.45	0.00	0.36	0.22	-2.73	184	
12	36	5.05	0.56	0.00	0.37	0.21	1.86	190	
13	36	5.69	1.45	0.00	0.39	0.21	-0.60	211	
14	36	3.14	0.92	0.00	0.38	0.21	-2.99	205	
15	36	2.06	1.45	0.00	0.37	0.21	-0.18	198	
17	36	3.65	1.45	0.00	0.38	0.21	-3.10	203	
18	36	8.15	0.55	0.00	0.39	0.21	1.79	211	
19	36	5.84	0.55	0.00	0.40	0.21	1.53	227	
20	36	6.24	1.45	0.00	0.39	0.21	-1.45	213	
2	37	5.82	0.93	0.00	0.40	0.21	-1.90	220	
4	37	2.63	1.44	0.00	0.37	0.21	-3.19	198	
5	37	7.46	1.05	0.00	0.36	0.21	2.92	180	
6	37	4.47	0.56	0.00	0.37	0.21	0.58	192	
7	37	9.94	0.97	0.00	0.43	0.20	0.92	253	
8	37	8.58	0.93	0.00	0.39	0.21	-3.31	210	
9	37	9.36	1.44	0.00	0.41	0.20	0.06	233	
10	37	8.64	1.45	0.00	0.39	0.21	-1.27	212	
11	37	4.95	1.44	0.00	0.36	0.22	-0.53	184	
12	37	5.09	0.56	0.00	0.37	0.21	-0.05	190	
13	37	5.74	1.45	0.00	0.39	0.21	-3.40	211	
14	37	3.19	0.92	0.00	0.38	0.21	-3.00	206	
15	37	2.10	1.44	0.00	0.37	0.21	-3.20	199	
17	37	3.70	1.44	0.00	0.38	0.21	-1.55	202	
18	37	8.21	0.56	0.00	0.39	0.21	2.89	212	
19	37	5.89	0.55	0.00	0.40	0.21	0.26	227	
20	37	6.30	1.45	0.00	0.39	0.21	-0.29	212	
2	38	5.88	0.92	0.00	0.40	0.21	-1.92	220	
4	38	2.67	1.44	0.00	0.37	0.21	-1.29	197	
5	38	7.50	1.05	0.00	0.36	0.21	2.96	181	
6	38	4.52	0.56	0.00	0.37	0.21	2.98	192	
8	38	8.63	0.92	0.00	0.39	0.21	-3.40	213	
9	38	9.41	1.44	0.00	0.41	0.20	-2.01	234	
10	38	8.69	1.44	0.00	0.39	0.21	-0.79	213	
11	38	5.00	1.44	0.00	0.36	0.22	-2.58	185	
12	38	5.14	0.56	0.00	0.37	0.21	1.89	190	
13	38	5.79	1.45	0.00	0.39	0.21	-1.64	211	
14	38	3.24	0.92	0.00	0.38	0.21	-2.99	206	
15	38	2.15	1.44	0.00	0.37	0.21	-1.94	199	
17	38	3.75	1.44	0.00	0.38	0.21	-0.38	201	
18	38	8.26	0.56	0.00	0.39	0.21	0.05	213	
19	38	5.95	0.55	0.00	0.40	0.21	2.25	226	
20	38	6.35	1.44	0.00	0.39	0.21	-2.72	211	
2	39	5.93	0.92	0.00	0.40	0.21	-1.94	220	
4	39	2.72	1.44	0.00	0.37	0.21	-4.12	198	
5	39	7.55	1.06	0.00	0.36	0.21	2.98	183	
6	39	4.57	0.56	0.00	0.37	0.21	1.00	192	
8	39	8.69	0.92	0.00	0.39	0.21	-3.39	218	
9	39	9.47	1.44	0.00	0.41	0.20	-1.53	238	
10	39	8.75	1.44	0.00	0.39	0.21	-0.60	216	
11	39	5.04	1.44	0.00	0.36	0.22	-0.42	185	
12	39	5.19	0.56	0.00	0.37	0.21	-0.02	190	
13	39	5.84	1.45	0.00	0.39	0.21	-0.43	210	
14	39	3.29	0.91	0.00	0.38	0.21	-3.04	206	
15	39	2.20	1.44	0.00	0.37	0.21	-0.98	200	
17	39	3.80	1.44	0.00	0.38	0.21	-3.13	201	
18	39	8.31	0.56	0.00	0.39	0.21	1.04	215	
19	39	6.01	0.56	0.00	0.40	0.21	0.69	226	
20	39	6.40	1.44	0.00	0.39	0.21	-1.21	210	
2	40	5.98	0.92	0.00	0.40	0.21	-1.88	220	
4	40	2.77	1.44	0.00	0.37	0.21	-2.00	197	
5	40	7.59	1.06	0.00	0.36	0.21	3.01	184	
6	40	4.61	0.56	0.00	0.37	0.21	3.59	192	
8	40	8.74	0.92	0.00	0.40	0.21	-3.38	222	
9	40	9.53	1.44	0.00	0.42	0.20	-1.16	242	
10	40	8.80	1.44	0.00	0.39	0.21	-0.45	218	
11	40	5.09	1.44	0.00	0.36	0.21	-2.50	185	
12	40	5.23	0.56	0.00	0.37	0.21	1.93	189	
13	40	5.89	1.45	0.00	0.39	0.21	-3.01	211	
14	40	3.34	0.91	0.00	0.38	0.21	-3.06	206	
15	40	2.25	1.44	0.00	0.37	0.21	-0.17	199	
17	40	3.85	1.44	0.00	0.38	0.21	-1.53	200	
18	40	8.36	0.56	0.00	0.39	0.21	2.30	217	
19	40	6.06	0.56	0.00	0.40	0.21	2.96	226	
20	40	6.45	1.44	0.00	0.39	0.21	-0.06	209	
2	41	6.04	0.92	0.00	0.40	0.21	-1.94	220	
4	41	2.82	1.44	0.00	0.37	0.21	-0.40	197	
5	41	7.64	1.06	0.00	0.36	0.21	3.05	185	
6	41	4.66	0.56	0.00	0.37	0.21	1.39	192	
8	41	8.80	0.91	0.00	0.40	0.21	-3.37	225	
9	41	9.59	1.44	0.00	0.42	0.20	-0.89	245	
10	41	8.85	1.44	0.00	0.40	0.21	-0.33	220	
11	41	5.13	1.44	0.00	0.36	0.21	-0.36	185	
12	41	5.28	0.56	0.00	0.37	0.21	0.04	189	
13	41	5.95	1.44	0.00	0.39	0.21	-1.33	210	
14	41	3.39	0.91	0.00	0.38	0.21	-3.03	206	
15	41	2.30	1.44	0.00	0.37	0.21	-3.13	199	
17	41	3.90	1.44	0.00	0.38	0.21	-0.35	200	
18	41	8.42	0.56	0.00	0.39	0.21	-0.10	219	
19	41	6.12	0.56	0.00	0.40	0.21	1.11	226	
20	41	6.50	1.44	0.00	0.38	0.21	-2.34	209	
2	42	6.09	0.92	0.00	0.40	0.21	-1.96	220	
4	42	2.87	1.43	0.00	0.37	0.21	-2.77	197	
5	42	7.68	1.06	0.00	0.36	0.21	3.10	186	
6	42	4.71	0.56	0.00	0.37	0.21	4.19	193	
8	42	8.85	0.91	0.00	0.40	0.21	-3.35	227	
9	42	9.65	1.44	0.00	0.42	0.20	-0.69	247	
10	42	8.91	1.44	0.00	0.40	0.21	-0.24	221	
11	42	5.18	1.44	0.00	0.36	0.21	-2.34	185	
12	42	5.32	0.56	0.00	0.37	0.21	2.08	189	
13	42	6.00	1.44	0.00	0.39	0.21	-0.19	210	
14	42	3.44	0.90	0.00	0.38	0.21	-3.09	206	
15	42	2.35	1.44	0.00	0.37	0.21	-1.83	199	
17	42	3.95	1.44	0.00	0.38	0.21	-3.04	200	
18	42	8.47	0.56	0.00	0.39	0.21	0.92	220	
19	42	6.17	0.56	0.00	0.40	0.20	3.60	228	
20	42	6.55	1.44	0.00	0.39	0.21	-0.92	209	
2	43	6.15	0.91	0.00	0.40	0.21	-1.82	220	
4	43	2.92	1.43	0.00	0.37	0.21	-0.98	197	
5	43	7.73	1.07	0.00	0.36	0.21	3.15	187	
6	43	4.76	0.57	0.00	0.37	0.21	1.79	192	
8	43	8.91	0.91	0.00	0.41	0.21	-3.34	229	
9	43	9.71	1.44	0.00	0.42	0.20	-0.53	249	
10	43	8.96	1.44	0.00	0.40	0.21	-0.17	222	
11	43	5.22	1.44	0.00	0.36	0.21	-0.25	185	
12	43	5.37	0.57	0.00	0.37	0.21	0.16	189	
13	43	6.05	1.44	0.00	0.39	0.21	-2.40	210	
14	43	3.49	0.90	0.00	0.38	0.21	-3.09	206	
15	43	2.40	1.43	0.00	0.37	0.21	-0.84	199	
17	43	4.00	1.43	0.00	0.38	0.21	-1.42	199	
18	43	8.52	0.56	0.00	0.40	0.21	2.17	221	
19	43	6.23	0.56	0.00	0.40	0.20	1.63	228	
20	43	6.61	1.44	0.00	0.39	0.21	-3.74	210	
2	44	6.20	0.91	0.00	0.40	0.21	-1.94	220	
4	44	2.97	1.43	0.00	0.37	0.21	-3.62	197	
5	44	7.77	1.07	0.00	0.37	0.21	3.19	188	
6	44	4.80	0.57	0.00	0.37	0.21	0.07	192	
8	44	8.96	0.90	0.00	0.41	0.21	-3.32	231	
9	44	9.77	1.44	0.00	0.43	0.20	-0.41	250	
10	44	9.02	1.44	0.00	0.40	0.21	-0.12	223	
11	44	5.27	1.43	0.00	0.36	0.21	-2.16	185	
12	44	5.42	0.57	0.00	0.36	0.21	2.27	189	
13	44	6.10	1.44	0.00	0.39	0.21	-0.90	210	
14	44	3.54	0.90	0.00	0.38	0.21	-3.06	206	
15	44	2.45	1.43	0.00	0.37	0.21	-0.09	199	
17	44	4.05	1.43	0.00	0.38	0.21	-0.26	200	
18	44	8.58	0.57	0.00	0.40	0.21	-0.11	222	
19	44	6.28	0.56	0.00	0.40	0.20	0.18	228	
20	44	6.66	1.43	0.00	0.38	0.21	-1.93	208	
2	45	6.25	0.91	0.00	0.40	0.21	-1.87	220	
4	45	3.01	1.43	0.00	0.37	0.21	-1.62	197	
5	45	7.82	1.07	0.00	0.37	0.21	3.24	189	
6	45	4.85	0.57	0.00	0.37	0.21	2.12	192	
8	45	9.02	0.90	0.00	0.41	0.21	-3.30	232	
9	45	9.83	1.43	0.00	0.43	0.20	-0.31	251	
10	45	9.07	1.44	0.00	0.40	0.21	-0.08	224	
11	45	5.32	1.43	0.00	0.36	0.21	-0.12	186	
12	45	5.46	0.57	0.00	0.36	0.21	0.29	188	
13	45	6.15	1.44	0.00	0.39	0.21	-3.68	210	
14	45	3.59	0.90	0.00	0.38	0.21	-3.10	205	
15	45	2.49	1.43	0.00	0.37	0.21	-2.95	199	
17	45	4.10	1.43	0.00	0.38	0.21	-2.82	200	
18	45	8.63	0.57	0.00	0.40	0.21	0.96	222	
19	45	6.34	0.57	0.00	0.40	0.20	2.06	228	
20	45	6.71	1.43	0.00	0.38	0.21	-0.57	207	
2	46	6.31	0.91	0.00	0.40	0.21	-1.90	220	
4	46	3.06	1.43	0.00	0.37	0.21	-0.11	197	
5	46	7.87	1.07	0.00	0.37	0.21	3.27	190	
6	46	4.90	0.57	0.00	0.37	0.21	0.27	192	
8	46	9.08	0.90	0.00	0.41	0.20	-3.28	233	
9	46	9.89	1.43	0.00	0.43	0.20	-0.24	252	
10	46	9.13	1.44	0.00	0.40	0.21	-0.04	224	
11	46	5.36	1.43	0.00	0.36	0.21	-1.98	186	
12	46	5.51	0.57	0.00	0.36	0.21	2.47	188	
13	46	6.20	1.44	0.00	0.39	0.21	-1.72	209	
14	46	3.64	0.89	0.00	0.38	0.21	-3.08	205	
15	46	2.54	1.43	0.00	0.37	0.21	-1.72	199	
17	46	4.15	1.43	0.00	0.38	0.21	-1.23	199	
18	46	8.69	0.57	0.00	0.40	0.21	2.33	223	
19	46	6.40	0.57	0.00	0.40	0.20	0.50	229	
20	46	6.76	1.43	0.00	0.38	0.21	-3.19	207	
2	47	6.36	0.91	0.00	0.40	0.21	-1.92	220	
4	47	3.11	1.43	0.00	0.37	0.21	-2.40	197	
5	47	7.91	1.08	0.00	0.37	0.21	3.30	191	
6	47	4.94	0.57	0.00	0.37	0.21	2.43	192	
8	47	9.13	0.89	0.00	0.41	0.20	-3.26	233	
9	47	9.96	1.43	0.00	0.43	0.20	-0.19	252	
10	47	9.18	1.44	0.00	0.40	0.21	-0.02	224	
11	47	5.41	1.43	0.00	0.36	0.21	0.02	186	
12	47	5.56	0.57	0.00	0.36	0.21	0.46	188	
13	47	6.26	1.44	0.00	0.39	0.21	-0.35	209	
14	47	3.69	0.89	0.00	0.38	0.21	-3.04	205	
15	47	2.59	1.43	0.00	0.37	0.21	-0.78	199	
17	47	4.20	1.43	0.00	0.38	0.21	-0.06	199	
18	47	8.74	0.57	0.00	0.40	0.21	0.05	223	
19	47	6.45	0.57	0.00	0.41	0.20	2.46	229	
20	47	6.81	1.43	0.00	0.38	0.21	-1.54	206	
2	48	6.42	0.91	0.00	0.40	0.21	-1.85	221	
4	48	3.16	1.43	0.00	0.37	0.21	-0.70	197	
5	48	7.96	1.08	0.00	0.37	0.21	3.33	193	
6	48	4.99	0.57	0.00	0.37	0.21	0.45	191	
8	48	9.19	0.89	0.00	0.41	0.20	-3.05	235	
10	48	9.24	1.44	0.00	0.40	0.20	-0.00	226	
11	48	5.45	1.43	0.00	0.36	0.21	-1.80	186	
12	48	5.60	0.57	0.00	0.36	0.21	2.68	188	
13	48	6.31	1.43	0.00	0.39	0.21	-2.66	209	
14	48	3.74	0.89	0.00	0.38	0.21	-3.09	205	
15	48	2.64	1.43	0.00	0.37	0.21	-0.07	199	
17	48	4.24	1.43	0.00	0.38	0.21	-2.40	199	
18	48	8.80	0.57	0.00	0.40	0.21	1.23	223	
19	48	6.51	0.57	0.00	0.41	0.20	0.79	229	
20	48	6.86	1.43	0.00	0.38	0.21	-0.30	206	
2	49	6.47	0.90	0.00	0.40	0.21	-1.93	221	
4	49	3.21	1.42	0.00	0.37	0.21	-3.24	197	
5	49	8.01	1.08	0.00	0.37	0.21	3.37	195	
6	49	5.04	0.57	0.00	0.37	0.21	2.65	191	
8	49	9.25	0.89	0.00	0.41	0.20	-2.36	239	
10	49	9.29	1.44	0.00	0.41	0.20	-0.00	233	
11	49	5.50	1.43	0.00	0.36	0.21	-4.38	186	
12	49	5.65	0.57	0.00	0.36	0.21	0.63	187	
13	49	6.36	1.43	0.00	0.39	0.21	-1.03	209	
14	49	3.79	0.89	0.00	0.38	0.21	-3.05	204	
15	49	2.69	1.43	0.00	0.37	0.21	-2.96	199	
17	49	4.29	1.43	0.00	0.38	0.21	-0.88	198	
18	49	8.85	0.57	0.00	0.40	0.21	3.08	225	
19	49	6.56	0.57	0.00	0.41	0.20	2.91	231	
20	49	6.91	1.43	0.00	0.38	0.21	-2.83	206	
2	50	6.52	0.90	0.00	0.40	0.21	-1.91	222	
4	50	3.26	1.42	0.00	0.37	0.21	-1.33	197	
5	50	8.06	1.08	0.00	0.37	0.21	3.40	196	
6	50	5.09	0.58	0.00	0.37	0.21	0.56	191	
8	50	9.31	0.89	0.00	0.42	0.20	-1.86	242	
10	50	9.35	1.44	0.00	0.41	0.20	-0.00	237	
11	50	5.54	1.42	0.00	0.36	0.21	-1.63	185	
12	50	5.69	0.58	0.00	0.36	0.21	2.93	187	
13	50	6.41	1.43	0.00	0.39	0.21	-3.88	210	
14	50	3.84	0.88	0.00	0.38	0.21	-3.02	204	
15	50	2.74	1.42	0.00	0.37	0.21	-1.75	199	
17	50	4.34	1.43	0.00	0.38	0.21	-3.93	199	
18	50	8.91	0.57	0.00	0.40	0.21	0.89	226	
19	50	6.62	0.57	0.00	0.41	0.20	1.02	231	
20	50	6.96	1.42	0.00	0.38	0.21	-1.32	206	
2	51	6.58	0.90	0.00	0.40	0.21	-1.87	223	
4	51	3.30	1.42	0.00	0.37	0.21	-4.15	197	
5	51	8.11	1.09	0.00	0.38	0.21	3.41	198	
6	51	5.13	0.58	0.00	0.37	0.21	2.80	191	
8	51	9.37	0.88	0.00	0.42	0.20	-1.48	245	
10	51	9.41	1.44	0.00	0.42	0.20	-0.00	241	
11	51	5.59	1.42	0.00	0.36	0.21	-4.13	186	
12	51	5.74	0.58	0.00	0.36	0.21	0.84	187	
13	51	6.46	1.43	0.00	0.39	0.21	-1.84	210	
14	51	3.89	0.88	0.00	0.38	0.21	-3.05	204	
15	51	2.79	1.42	0.00	0.37	0.21	-0.83	199	
17	51	4.39	1.42	0.00	0.38	0.21	-1.99	198	
18	51	8.96	0.58	0.00	0.40	0.21	2.59	227	
19	51	6.68	0.57	0.00	0.41	0.20	3.35	231	
20	51	7.01	1.42	0.00	0.38	0.21	-0.21	206	
2	52	6.63	0.90	0.00	0.40	0.21	-1.84	222	
4	52	3.35	1.42	0.00	0.37	0.21	-2.02	197	
5	52	8.15	1.09	0.00	0.38	0.21	3.41	200	
6	52	5.18	0.58	0.00	0.37	0.21	0.65	191	
8	52	9.43	0.88	0.00	0.42	0.20	-1.21	247	
10	52	9.47	1.44	0.00	0.42	0.20	-0.00	244	
11	52	5.64	1.42	0.00	0.36	0.21	-1.49	185	
12	52	5.79	0.58	0.00	0.36	0.21	3.29	187	
13	52	6.51	1.43	0.00	0.39	0.21	-0.38	210	
14	52	3.94	0.88	0.00	0.38	0.21	-3.00	204	
15	52	2.84	1.42	0.00	0.37	0.21	-0.13	199	
17	52	4.44	1.42	0.00	0.37	0.21	-0.56	197	
18	52	9.02	0.58	0.00	0.40	0.21	0.58	228	
19	52	6.73	0.58	0.00	0.41	0.20	1.31	230	
20	52	7.06	1.42	0.00	0.38	0.21	-2.74	207	
2	53	6.69	0.90	0.00	0.40	0.21	-1.85	222	
4	53	3.40	1.42	0.00	0.37	0.21	-0.41	196	
5	53	8.20	1.09	0.00	0.38	0.21	3.39	201	
6	53	5.23	0.58	0.00	0.37	0.21	2.96	191	
8	53	9.49	0.88	0.00	0.42	0.20	-1.00	249	
10	53	9.53	1.44	0.00	0.42	0.20	-0.00	247	
11	53	5.68	1.42	0.00	0.36	0.21	-4.04	186	
12	53	5.83	0.58	0.00	0.36	0.21	1.12	186	
13	53	6.56	1.43	0.00	0.39	0.21	-2.66	211	
14	53	3.99	0.88	0.00	0.38	0.21	-3.00	204	
15	53	2.89	1.42	0.00	0.37	0.21	-3.10	199	
17	53	4.49	1.42	0.00	0.37	0.21	-3.25	196	
18	53	9.08	0.58	0.00	0.40	0.21	2.21	228	
19	53	6.79	0.58	0.00	0.41	0.20	-0.04	230	
20	53	7.11	1.42	0.00	0.38	0.21	-1.32	207	
2	54	6.74	0.90	0.00	0.40	0.21	-1.67	222	
4	54	3.45	1.42	0.00	0.37	0.21	-2.79	196	
5	54	8.25	1.10	0.00	0.38	0.21	3.37	203	
6	54	5.27	0.58	0.00	0.37	0.21	0.75	191	
8	54	9.55	0.88	0.00	0.43	0.20	-0.85	250	
10	54	9.59	1.44	0.00	0.42	0.20	-0.00	248	
11	54	5.73	1.42	0.00	0.36	0.21	-1.46	186	
12	54	5.88	0.58	0.00	0.36	0.21	3.71	187	
13	54	6.62	1.43	0.00	0.39	0.21	-0.88	210	
14	54	4.04	0.87	0.00	0.38	0.21	-3.00	204	
15	54	2.93	1.42	0.00	0.37	0.21	-1.88	199	
17	54	4.53	1.42	0.00	0.37	0.21	-1.42	195	
18	54	9.13	0.58	0.00	0.40	0.21	0.31	228	
19	54	6.85	0.58	0.00	0.41	0.20	1.67	230	
20	54	7.16	1.42	0.00	0.38	0.21	-0.27	208	
2	55	6.80	0.89	0.00	0.40	0.21	-1.69	222	
4	55	3.50	1.41	0.00	0.37	0.21	-0.99	196	
5	55	8.30	1.10	0.00	0.38	0.21	3.35	204	
6	55	5.32	0.58	0.00	0.37	0.21	3.12	191	
8	55	9.61	0.88	0.00	0.43	0.20	-0.73	251	
10	55	9.65	1.44	0.00	0.43	0.20	-0.00	250	
11	55	5.77	1.42	0.00	0.36	0.21	-4.04	186	
12	55	5.92	0.58	0.00	0.36	0.21	1.44	186	
13	55	6.67	1.42	0.00	0.39	0.21	-3.32	210	
14	55	4.09	0.87	0.00	0.38	0.21	-2.89	204	
15	55	2.98	1.42	0.00	0.37	0.21	-0.95	199	
17	55	4.58	1.42	0.00	0.37	0.21	-0.11	195	
18	55	9.19	0.58	0.00	0.40	0.21	1.88	228	
19	55	6.90	0.58	0.00	0.41	0.20	0.23	230	
20	55	7.22	1.42	0.00	0.38	0.21	-2.98	208	
2	56	6.85	0.89	0.00	0.40	0.21	-1.62	222	
4	56	3.54	1.41	0.00	0.37	0.21	-3.73	196	
5	56	8.35	1.10	0.00	0.38	0.21	3.31	206	
6	56	5.37	0.58	0.00	0.37	0.21	0.85	191	
8	56	9.67	0.88	0.00	0.43	0.20	-0.64	252	
10	56	9.71	1.44	0.00	0.43	0.20	-0.00	251	
11	56	5.82	1.41	0.00	0.36	0.21	-1.52	186	
12	56	5.97	0.59	0.00	0.36	0.21	4.18	186	
13	56	6.72	1.42	0.00	0.39	0.21	-1.27	210	
14	56	4.14	0.87	0.00	0.38	0.21	-2.93	204	
15	56	3.03	1.42	0.00	0.37	0.21	-0.24	199	
17	56	4.63	1.42	0.00	0.37	0.21	-2.46	195	
18	56	9.24	0.58	0.00	0.40	0.21	0.06	228	
19	56	6.96	0.58	0.00	0.41	0.20	2.03	230	
20	56	7.27	1.42	0.00	0.38	0.21	-1.58	209	
2	57	6.91	0.89	0.00	0.40	0.21	-1.54	223	
4	57	3.59	1.41	0.00	0.37	0.21	-1.70	196	
5	57	8.40	1.10	0.00	0.38	0.21	3.27	207	
6	57	5.41	0.59	0.00	0.37	0.21	3.18	191	
8	57	9.74	0.88	0.00	0.43	0.20	-0.58	252	
10	57	9.77	1.44	0.00	0.43	0.20	-0.00	252	
11	57	5.86	1.41	0.00	0.36	0.21	-4.10	187	
12	57	6.01	0.59	0.00	0.36	0.21	1.80	186	
13	57	6.77	1.42	0.00	0.39	0.21	-3.89	211	
14	57	4.19	0.86	0.00	0.38	0.21	-2.87	204	
15	57	3.08	1.41	0.00	0.37	0.21	-3.42	199	
17	57	4.68	1.41	0.00	0.37	0.21	-0.81	194	
18	57	9.30	0.59	0.00	0.40	0.21	1.56	228	
19	57	7.02	0.58	0.00	0.41	0.20	0.54	230	
20	57	7.32	1.41	0.00	0.39	0.21	-0.53	209	
2	58	6.96	0.89	0.00	0.40	0.21	-1.46	223	
4	58	3.64	1.41	0.00	0.37	0.21	-0.16	196	
5	58	8.45	1.11	0.00	0.39	0.21	3.23	209	
6	58	5.46	0.59	0.00	0.37	0.21	0.87	190	
8	58	9.80	0.88	0.00	0.43	0.20	-0.52	253	
10	58	9.84	1.44	0.00	0.43	0.20	-0.00	252	
11	58	5.91	1.41	0.00	0.36	0.21	-1.61	187	
12	58	6.06	0.59	0.00	0.36	0.21	0.05	185	
13	58	6.82	1.42	0.00	0.39	0.21	-1.65	210	
14	58	4.24	0.86	0.00	0.38	0.21	-2.83	203	
15	58	3.13	1.41	0.00	0.37	0.21	-2.14	199	
17	58	4.73	1.41	0.00	0.37	0.21	-3.62	194	
18	58	9.36	0.59	0.00	0.40	0.21	3.50	229	
19	58	7.07	0.58	0.00	0.41	0.20	2.67	231	
20	58	7.37	1.41	0.00	0.39	0.21	-3.51	211	
2	59	7.02	0.89	0.00	0.40	0.21	-1.48	223	
4	59	3.69	1.41	0.00	0.37	0.21	-2.46	196	
5	59	8.51	1.11	0.00	0.39	0.21	3.19	210	
6	59	5.51	0.59	0.00	0.37	0.21	3.34	191	
8	59	9.86	0.88	0.00	0.43	0.20	-0.49	253	
10	59	9.90	1.44	0.00	0.43	0.20	-0.00	253	
11	59	5.96	1.41	0.00	0.36	0.21	-4.33	188	
12	59	6.11	0.59	0.00	0.36	0.21	2.28	185	
13	59	6.87	1.42	0.00	0.39	0.21	-0.11	210	
14	59	4.29	0.86	0.00	0.38	0.21	-2.85	203	
15	59	3.18	1.41	0.00	0.37	0.21	-1.17	199	
17	59	4.77	1.41	0.00	0.37	0.21	-1.60	194	
18	59	9.41	0.59	0.00	0.40	0.21	1.26	228	
19	59	7.13	0.59	0.00	0.41	0.20	0.90	230	
20	59	7.42	1.41	0.00	0.39	0.21	-2.04	211	
2	60	7.07	0.89	0.00	0.40	0.21	-1.44	223	
4	60	3.74	1.41	0.00	0.37	0.21	-0.74	195	
5	60	8.56	1.11	0.00	0.39	0.21	3.16	211	
6	60	5.55	0.59	0.00	0.37	0.21	0.96	190	
8	60	9.92	0.88	0.00	0.43	0.20	-0.46	253	
10	60	9.96	1.44	0.00	0.43	0.20	-0.00	253	
11	60	6.00	1.41	0.00	0.36	0.21	-1.81	188	
12	60	6.15	0.59	0.00	0.36	0.21	0.43	185	
13	60	6.93	1.42	0.00	0.39	0.21	-2.03	211	
14	60	4.34	0.86	0.00	0.38	0.21	-2.77	203	
15	60	3.23	1.41	0.00	0.37	0.21	-0.43	199	
17	60	4.82	1.41	0.00	0.37	0.21	-0.16	194	
18	60	9.47	0.59	0.00	0.40	0.21	3.12	228	
19	60	7.19	0.59	0.00	0.41	0.20	3.21	231	
20	60	7.47	1.41	0.00	0.39	0.21	-0.94	211	
2	61	7.13	0.89	0.00	0.40	0.21	-1.26	223	
4	61	3.79	1.41	0.00	0.37	0.21	-3.29	196	
5	61	8.61	1.12	0.00	0.39	0.21	3.15	213	
6	61	5.60	0.59	0.00	0.37	0.21	3.39	191	
8	61	9.99	0.88	0.00	0.43	0.20	-0.41	254	
11	61	6.05	1.41	0.00	0.36	0.21	-0.06	188	
12	61	6.20	0.59	0.00	0.36	0.21	2.84	185	
13	61	6.98	1.42	0.00	0.39	0.21	-0.32	211	
14	61	4.39	0.85	0.00	0.38	0.21	-2.81	202	
15	61	3.28	1.41	0.00	0.37	0.21	-3.91	200	
17	61	4.87	1.41	0.00	0.37	0.21	-2.43	193	
18	61	9.52	0.59	0.00	0.40	0.21	1.20	228	
19	61	7.24	0.59	0.00	0.41	0.20	1.42	231	
20	61	7.52	1.41	0.00	0.39	0.21	-0.12	212	
2	62	7.18	0.88	0.00	0.40	0.21	-1.33	224	
4	62	3.83	1.40	0.00	0.37	0.21	-1.36	195	
5	62	8.66	1.12	0.00	0.39	0.21	3.12	217	
6	62	5.65	0.59	0.00	0.37	0.21	1.02	190	
11	62	6.09	1.41	0.00	0.36	0.21	-2.16	189	
12	62	6.24	0.60	0.00	0.36	0.21	0.87	185	
13	62	7.03	1.41	0.00	0.39	0.21	-2.35	211	
14	62	4.44	0.85	0.00	0.38	0.21	-2.80	201	
15	62	3.33	1.41	0.00	0.37	0.21	-2.53	199	
17	62	4.92	1.41	0.00	0.37	0.21	-0.70	193	
18	62	9.58	0.59	0.00	0.41	0.20	0.72	232	
19	62	7.30	0.59	0.00	0.41	0.20	0.13	232	
20	62	7.58	1.41	0.00	0.39	0.21	-2.81	214	
2	63	7.24	0.88	0.00	0.40	0.21	-1.24	224	
4	63	3.88	1.40	0.00	0.37	0.21	0.09	195	
5	63	8.72	1.12	0.00	0.40	0.21	3.05	221	
6	63	5.69	0.59	0.00	0.37	0.21	3.42	191	
11	63	6.14	1.40	0.00	0.36	0.21	-0.39	189	
12	63	6.29	0.60	0.00	0.36	0.21	3.55	185	
13	63	7.08	1.41	0.00	0.39	0.21	-0.52	211	
14	63	4.49	0.85	0.00	0.38	0.21	-2.81	201	
15	63	3.38	1.41	0.00	0.37	0.21	-1.49	199	
17	63	4.96	1.41	0.00	0.37	0.21	-3.36	194	
18	63	9.64	0.59	0.00	0.41	0.20	0.54	237	
19	63	7.36	0.59	0.00	0.41	0.20	1.98	233	
20	63	7.63	1.40	0.00	0.39	0.21	-1.64	216	
2	64	7.29	0.88	0.00	0.40	0.21	-1.15	224	
4	64	3.93	1.40	0.00	0.37	0.21	-2.13	195	
5	64	8.77	1.12	0.00	0.40	0.21	3.01	224	
6	64	5.74	0.60	0.00	0.37	0.21	1.08	190	
11	64	6.19	1.40	0.00	0.36	0.21	-2.69	190	
12	64	6.33	0.60	0.00	0.36	0.21	1.42	184	
13	64	7.13	1.41	0.00	0.39	0.21	-2.52	211	
14	64	4.54	0.85	0.00	0.38	0.21	-2.83	200	
15	64	3.42	1.40	0.00	0.37	0.21	-0.69	199	
17	64	5.01	1.40	0.00	0.37	0.21	-1.30	193	
18	64	9.70	0.59	0.00	0.41	0.20	0.41	241	
19	64	7.41	0.59	0.00	0.41	0.20	0.62	234	
20	64	7.68	1.40	0.00	0.39	0.21	-0.77	218	
2	65	7.35	0.88	0.00	0.40	0.21	-1.04	225	
4	65	3.98	1.40	0.00	0.37	0.21	-0.49	195	
5	65	8.83	1.13	0.00	0.40	0.21	2.97	226	
6	65	5.79	0.60	0.00	0.37	0.21	3.56	191	
11	65	6.23	1.40	0.00	0.37	0.21	-0.86	191	
12	65	6.38	0.60	0.00	0.36	0.21	4.40	185	
13	65	7.19	1.41	0.00	0.39	0.21	-0.67	211	
14	65	4.59	0.85	0.00	0.38	0.21	-2.77	200	
15	65	3.47	1.40	0.00	0.37	0.21	-0.08	199	
17	65	5.06	1.40	0.00	0.37	0.21	-4.23	194	
18	65	9.76	0.59	0.00	0.42	0.20	0.32	244	
19	65	7.47	0.59	0.00	0.41	0.20	3.03	235	
20	65	7.74	1.40	0.00	0.39	0.21	-0.11	219	
2	66	7.40	0.88	0.00	0.40	0.21	-1.01	225	
4	66	4.02	1.40	0.00	0.37	0.21	-2.94	195	
5	66	8.88	1.13	0.00	0.40	0.21	2.95	228	
6	66	5.83	0.60	0.00	0.37	0.21	1.24	190	
11	66	6.28	1.40	0.00	0.37	0.21	-3.45	192	
12	66	6.42	0.60	0.00	0.36	0.21	2.13	185	
13	66	7.24	1.41	0.00	0.39	0.21	-2.66	211	
14	66	4.64	0.84	0.00	0.38	0.21	-2.82	200	
15	66	3.52	1.40	0.00	0.37	0.21	-3.11	199	
17	66	5.11	1.40	0.00	0.37	0.21	-1.85	193	
18	66	9.82	0.59	0.00	0.42	0.20	0.24	246	
19	66	7.53	0.60	0.00	0.41	0.20	1.31	235	
20	66	7.79	1.40	0.00	0.40	0.21	-2.81	220	
2	67	7.46	0.88	0.00	0.40	0.21	-1.05	225	
4	67	4.07	1.40	0.00	0.37	0.21	-1.10	195	
5	67	8.94	1.13	0.00	0.41	0.21	2.93	229	
6	67	5.88	0.60	0.00	0.37	0.21	3.77	191	
11	67	6.33	1.40	0.00	0.37	0.21	-1.43	193	
12	67	6.47	0.60	0.00	0.36	0.21	0.43	185	
13	67	7.29	1.41	0.00	0.39	0.21	-0.76	211	
14	67	4.69	0.84	0.00	0.38	0.21	-2.77	200	
15	67	3.57	1.40	0.00	0.37	0.21	-1.94	199	
17	67	5.15	1.40	0.00	0.37	0.21	-0.25	194	
18	67	9.88	0.59	0.00	0.42	0.20	0.19	248	
19	67	7.59	0.60	0.00	0.41	0.20	0.15	236	
20	67	7.84	1.40	0.00	0.40	0.21	-1.70	221	
2	68	7.51	0.88	0.00	0.40	0.21	-0.92	225	
4	68	4.12	1.40	0.00	0.37	0.21	-3.82	196	
5	68	8.99	1.14	0.00	0.41	0.21	2.91	230	
6	68	5.93	0.60	0.00	0.37	0.21	1.48	191	
11	68	6.38	1.40	0.00	0.37	0.21	-0.03	194	
12	68	6.51	0.60	0.00	0.36	0.21	2.98	186	
13	68	7.34	1.40	0.00	0.39	0.21	-2.78	211	
14	68	4.74	0.84	0.00	0.38	0.21	-2.79	199	
15	68	3.62	1.40	0.00	0.37	0.21	-1.04	199	
17	68	5.20	1.40	0.00	0.37	0.21	-2.41	194	
18	68	9.94	0.59	0.00	0.42	0.20	0.14	250	
19	68	7.65	0.60	0.00	0.41	0.20	2.16	236	
20	68	7.90	1.40	0.00	0.40	0.21	-0.86	221	
2	69	7.57	0.88	0.00	0.40	0.21	-0.83	226	
4	69	4.17	1.39	0.00	0.37	0.21	-1.77	195	
5	69	9.05	1.14	0.00	0.41	0.20	2.90	231	
6	69	5.98	0.60	0.00	0.37	0.21	4.03	191	
11	69	6.42	1.40	0.00	0.37	0.21	-2.26	195	
12	69	6.56	0.61	0.00	0.36	0.21	1.10	186	
13	69	7.39	1.40	0.00	0.39	0.21	-0.79	210	
14	69	4.78	0.84	0.00	0.38	0.21	-2.75	199	
15	69	3.67	1.40	0.00	0.37	0.21	-0.36	199	
17	69	5.25	1.40	0.00	0.37	0.21	-0.60	194	
19	69	7.70	0.60	0.00	0.41	0.20	0.85	237	
20	69	7.95	1.40	0.00	0.40	0.21	-0.21	222	
2	70	7.62	0.88	0.00	0.40	0.21	-0.90	226	
4	70	4.22	1.39	0.00	0.37	0.21	-0.23	196	
5	70	9.11	1.14	0.00	0.41	0.20	2.19	236	
6	70	6.02	0.61	0.00	0.37	0.21	1.63	191	
11	70	6.47	1.39	0.00	0.37	0.21	-0.71	196	
12	70	6.61	0.61	0.00	0.36	0.21	4.02	186	
13	70	7.44	1.40	0.00	0.39	0.21	-3.00	211	
14	70	4.83	0.83	0.00	0.38	0.21	-2.75	199	
15	70	3.72	1.40	0.00	0.37	0.21	-3.78	200	
17	70	5.30	1.40	0.00	0.37	0.21	-2.92	194	
19	70	7.76	0.60	0.00	0.41	0.20	3.42	239	
20	70	8.01	1.40	0.00	0.40	0.21	-3.22	223	
2	71	7.68	0.87	0.00	0.40	0.21	-0.88	227	
4	71	4.26	1.39	0.00	0.37	0.21	-2.66	197	
5	71	9.17	1.14	0.00	0.42	0.20	1.66	240	
6	71	6.07	0.61	0.00	0.37	0.21	-0.03	191	
11	71	6.52	1.39	0.00	0.37	0.21	-3.41	197	
12	71	6.65	0.61	0.00	0.36	0.21	1.88	185	
13	71	7.50	1.40	0.00	0.39	0.21	-0.90	211	
14	71	4.88	0.83	0.00	0.38	0.21	-2.72	199	
15	71	3.77	1.39	0.00	0.37	0.21	-2.45	200	
17	71	5.34	1.39	0.00	0.37	0.21	-0.92	194	
19	71	7.82	0.60	0.00	0.41	0.20	1.62	239	
20	71	8.06	1.39	0.00	0.40	0.21	-2.13	224	
2	72	7.73	0.87	0.00	0.40	0.21	-0.89	227	
4	72	4.31	1.39	0.00	0.37	0.21	-0.98	197	
5	72	9.23	1.15	0.00	0.42	0.20	1.27	243	
6	72	6.12	0.61	0.00	0.37	0.21	1.89	191	
11	72	6.57	1.39	0.00	0.37	0.21	-1.56	197	
12	72	6.70	0.61	0.00	0.36	0.21	0.27	185	
13	72	7.55	1.40	0.00	0.39	0.21	-3.03	211	
14	72	4.93	0.83	0.00	0.38	0.21	-2.72	199	
15	72	3.82	1.39	0.00	0.37	0.21	-1.43	200	
17	72	5.39	1.39	0.00	0.37	0.21	-3.31	194	
19	72	7.88	0.60	0.00	0.42	0.20	0.44	240	
20	72	8.12	1.39	0.00	0.40	0.21	-1.30	225	
2	73	7.79	0.87	0.00	0.40	0.21	-0.80	227	
4	73	4.36	1.39	0.00	0.37	0.21	-3.77	198	
5	73	9.29	1.15	0.00	0.42	0.20	0.97	246	
6	73	6.16	0.61	0.00	0.37	0.21	0.21	191	
11	73	6.62	1.39	0.00	0.37	0.21	-0.24	198	
12	73	6.74	0.61	0.00	0.36	0.21	2.82	184	
13	73	7.60	1.40	0.00	0.39	0.21	-0.95	211	
14	73	4.98	0.83	0.00	0.38	0.21	-2.70	199	
15	73	3.87	1.39	0.00	0.37	0.21	-0.66	200	
17	73	5.44	1.39	0.00	0.37	0.21	-1.14	194	
19	73	7.94	0.61	0.00	0.42	0.20	2.70	241	
20	73	8.17	1.39	0.00	0.40	0.21	-0.66	225	
2	74	7.85	0.87	0.00	0.40	0.21	-0.69	228	
4	74	4.41	1.39	0.00	0.37	0.21	-1.79	198	
5	74	9.35	1.15	0.00	0.42	0.20	0.74	248	
6	74	6.21	0.61	0.00	0.37	0.21	2.24	191	
11	74	6.67	1.39	0.00	0.37	0.21	-2.76	198	
12	74	6.79	0.61	0.00	0.36	0.21	1.00	184	
13	74	7.65	1.40	0.00	0.39	0.21	-3.01	211	
14	74	5.03	0.82	0.00	0.38	0.21	-2.69	199	
15	74	3.91	1.39	0.00	0.38	0.21	-0.07	200	
17	74	5.49	1.39	0.00	0.37	0.21	-3.53	194	
19	74	8.00	0.61	0.00	0.42	0.20	1.28	241	
20	74	8.23	1.39	0.00	0.40	0.21	-0.17	225	
2	75	7.90	0.87	0.00	0.40	0.21	-0.76	228	
4	75	4.46	1.38	0.00	0.37	0.21	-0.21	197	
5	75	9.41	1.15	0.00	0.43	0.20	0.57	249	
6	75	6.26	0.61	0.00	0.37	0.21	0.39	191	
11	75	6.71	1.39	0.00	0.37	0.21	-1.18	198	
12	75	6.83	0.61	0.00	0.36	0.21	4.01	185	
13	75	7.70	1.39	0.00	0.39	0.21	-0.94	211	
14	75	5.08	0.82	0.00	0.37	0.21	1.08	198	
15	75	3.96	1.39	0.00	0.38	0.21	-2.99	200	
17	75	5.54	1.39	0.00	0.37	0.21	-1.26	194	
19	75	8.06	0.61	0.00	0.42	0.20	0.23	242	
20	75	8.28	1.39	0.00	0.40	0.20	-3.11	226	
2	76	7.96	0.87	0.00	0.40	0.21	-0.77	227	
4	76	4.51	1.38	0.00	0.37	0.21	-2.42	196	
5	76	9.47	1.15	0.00	0.43	0.20	0.44	250	
6	76	6.30	0.61	0.00	0.37	0.21	2.71	191	
11	76	6.76	1.39	0.00	0.37	0.21	-0.04	199	
12	76	6.88	0.62	0.00	0.36	0.21	1.93	185	
13	76	7.76	1.39	0.00	0.39	0.21	-2.95	211	
14	76	5.13	0.82	0.00	0.37	0.21	-0.01	198	
15	76	4.01	1.39	0.00	0.37	0.21	-1.81	200	
17	76	5.58	1.39	0.00	0.37	0.21	-3.70	195	
19	76	8.12	0.61	0.00	0.42	0.20	2.24	242	
20	76	8.34	1.39	0.00	0.40	0.20	-2.07	226	
2	77	8.01	0.87	0.00	0.40	0.21	-0.75	227	
4	77	4.56	1.38	0.00	0.37	0.21	-0.68	196	
5	77	9.53	1.15	0.00	0.43	0.20	0.34	251	
6	77	6.35	0.62	0.00	0.37	0.21	0.66	191	
11	77	6.81	1.38	0.00	0.37	0.21	-2.44	199	
12	77	6.92	0.62	0.00	0.36	0.21	0.38	185	
13	77	7.81	1.39	0.00	0.39	0.21	-0.84	211	
14	77	5.17	0.82	0.00	0.37	0.21	-0.84	198	
15	77	4.06	1.39	0.00	0.37	0.21	-0.93	200	
17	77	5.63	1.38	0.00	0.37	0.21	-1.33	194	
19	77	8.18	0.61	0.00	0.42	0.20	0.91	242	
20	77	8.40	1.38	0.00	0.40	0.20	-1.28	226	
2	78	8.07	0.87	0.00	0.40	0.21	-0.70	228	
4	78	4.60	1.38	0.00	0.37	0.21	-3.21	196	
5	78	9.59	1.15	0.00	0.43	0.20	0.26	252	
6	78	6.40	0.62	0.00	0.37	0.21	3.03	191	
11	78	6.86	1.38	0.00	0.37	0.21	-0.99	199	
12	78	6.97	0.62	0.00	0.36	0.21	3.03	186	
13	78	7.86	1.39	0.00	0.39	0.21	-2.82	211	
14	78	5.22	0.82	0.00	0.37	0.21	-1.32	198	
15	78	4.11	1.39	0.00	0.37	0.21	-0.27	200	
17	78	5.68	1.38	0.00	0.37	0.21	-3.86	195	
19	78	8.24	0.61	0.00	0.42	0.20	0.03	243	
20	78	8.45	1.38	0.00	0.40	0.20	-0.67	226	
2	79	8.13	0.87	0.00	0.40	0.21	-0.58	228	
4	79	4.65	1.38	0.00	0.37	0.21	-1.13	195	
5	79	9.65	1.15	0.00	0.43	0.20	0.20	253	
6	79	6.44	0.62	0.00	0.37	0.21	1.06	192	
11	79	6.91	1.38	0.00	0.37	0.21	-0.00	200	
12	79	7.01	0.62	0.00	0.36	0.21	1.24	187	
13	79	7.91	1.39	0.00	0.39	0.21	-0.70	210	
14	79	5.27	0.82	0.00	0.37	0.21	1.25	198	
15	79	4.16	1.38	0.00	0.37	0.21	-3.51	200	
17	79	5.73	1.38	0.00	0.37	0.21	-1.41	194	
19	79	8.29	0.62	0.00	0.42	0.20	2.00	243	
20	79	8.51	1.38	0.00	0.40	0.20	-0.21	226	
2	80	8.18	0.87	0.00	0.40	0.21	-0.61	227	
4	80	4.70	1.38	0.00	0.37	0.21	-3.91	196	
5	80	9.72	1.15	0.00	0.43	0.20	0.16	253	
6	80	6.49	0.62	0.00	0.37	0.21	3.54	192	
11	80	6.96	1.38	0.00	0.38	0.21	-2.49	201	
12	80	7.06	0.62	0.00	0.37	0.21	4.36	189	
13	80	7.96	1.39	0.00	0.39	0.21	-2.60	210	
14	80	5.32	0.82	0.00	0.37	0.21	0.13	198	
15	80	4.21	1.38	0.00	0.37	0.21	-2.20	199	
17	80	5.77	1.38	0.00	0.37	0.21	-3.95	195	
19	80	8.35	0.62	0.00	0.42	0.20	0.79	243	
20	80	8.56	1.38	0.00	0.40	0.20	-3.21	227	
2	81	8.24	0.87	0.00	0.40	0.21	-0.68	227	
4	81	4.75	1.37	0.00	0.37	0.21	-1.76	195	
5	81	9.78	1.15	0.00	0.43	0.20	0.12	253	
6	81	6.54	0.62	0.00	0.37	0.21	1.33	192	
11	81	7.01	1.38	0.00	0.38	0.21	-1.07	201	
12	81	7.11	0.62	0.00	0.37	0.21	2.28	190	
13	81	8.01	1.38	0.00	0.39	0.21	-0.54	210	
14	81	5.37	0.82	0.00	0.37	0.21	-0.75	198	
15	81	4.26	1.38	0.00	0.37	0.21	-1.21	199	
17	81	5.82	1.38	0.00	0.37	0.21	-1.43	194	
19	81	8.41	0.62	0.00	0.42	0.20	3.34	244	
20	81	8.62	1.38	0.00	0.40	0.20	-2.18	227	
2	82	8.29	0.87	0.00	0.40	0.21	-0.63	227	
4	82	4.79	1.37	0.00	0.37	0.21	-0.23	195	
5	82	9.84	1.15	0.00	0.43	0.20	0.09	254	
6	82	6.59	0.62	0.00	0.37	0.21	4.20	194	
11	82	7.06	1.38	0.00	0.38	0.21	-0.14	202	
12	82	7.15	0.63	0.00	0.37	0.21	0.73	191	
13	82	8.06	1.38	0.00	0.39	0.21	-2.35	210	
14	82	5.42	0.82	0.00	0.37	0.21	-1.24	198	
15	82	4.31	1.38	0.00	0.37	0.21	-0.48	199	
17	82	5.87	1.38	0.00	0.37	0.21	-4.13	196	
19	82	8.47	0.62	0.00	0.42	0.20	1.72	243	
20	82	8.67	1.38	0.00	0.40	0.20	-1.38	227	
2	83	8.35	0.87	0.00	0.40	0.21	-0.58	227	
4	83	4.84	1.37	0.00	0.37	0.21	-2.54	195	
5	83	9.90	1.15	0.00	0.43	0.20	0.07	254	
6	83	6.63	0.63	0.00	0.37	0.21	1.74	193	
11	83	7.11	1.37	0.00	0.38	0.21	-2.75	203	
12	83	7.20	0.63	0.00	0.37	0.21	3.58	193	
13	83	8.12	1.38	0.00	0.39	0.21	-0.32	209	
14	83	5.47	0.82	0.00	0.37	0.21	2.30	198	
15	83	4.36	1.38	0.00	0.37	0.21	0.03	200	
17	83	5.92	1.38	0.00	0.37	0.21	-1.55	195	
19	83	8.53	0.62	0.00	0.42	0.20	0.63	243	
20	83	8.73	1.38	0.00	0.40	0.20	-0.77	227	
2	84	8.40	0.87	0.00	0.40	0.21	-0.49	226	
4	84	4.89	1.37	0.00	0.37	0.21	-0.71	195	
5	84	9.97	1.15	0.00	0.43	0.20	0.06	254	
6	84	6.68	0.63	0.00	0.37	0.21	0.08	194	
11	84	7.16	1.37	0.00	0.38	0.21	-1.33	203	
12	84	7.25	0.63	0.00	0.37	0.21	1.75	194	
13	84	8.17	1.38	0.00	0.39	0.21	-2.03	209	
14	84	5.52	0.82	0.00	0.37	0.21	0.86	198	
15	84	4.40	1.38	0.00	0.37	0.21	-2.80	200	
17	84	5.97	1.37	0.00	0.37	0.21	-4.19	196	
19	84	8.59	0.62	0.00	0.42	0.20	3.25	244	
20	84	8.78	1.38	0.00	0.40	0.20	-0.30	227	
2	85	8.46	0.87	0.00	0.40	0.21	-0.39	227	
4	85	4.94	1.37	0.00	0.37	0.21	-3.23	196	
6	85	6.73	0.63	0.00	0.37	0.21	2.18	195	
11	85	7.21	1.37	0.00	0.38	0.21	-0.37	204	
12	85	7.30	0.63	0.00	0.37	0.21	0.39	196	
13	85	8.22	1.38	0.00	0.39	0.21	-0.06	209	
14	85	5.56	0.82	0.00	0.37	0.21	-0.26	198	
15	85	4.45	1.37	0.00	0.37	0.21	-1.66	199	
17	85	6.01	1.37	0.00	0.37	0.21	-1.62	195	
19	85	8.65	0.62	0.00	0.42	0.20	1.83	245	
20	85	8.84	1.38	0.00	0.40	0.20	-0.06	229	
2	86	8.52	0.87	0.00	0.41	0.21	-0.27	228	
4	86	4.99	1.37	0.00	0.37	0.21	-1.32	196	
6	86	6.78	0.63	0.00	0.37	0.21	0.41	195	
11	86	7.26	1.37	0.00	0.38	0.21	-3.27	204	
12	86	7.35	0.63	0.00	0.37	0.21	3.03	198	
13	86	8.27	1.38	0.00	0.39	0.21	-1.71	210	
14	86	5.61	0.82	0.00	0.38	0.21	-0.91	199	
15	86	4.50	1.37	0.00	0.37	0.21	-0.80	199	
17	86	6.06	1.37	0.00	0.37	0.21	0.06	196	
19	86	8.71	0.63	0.00	0.42	0.20	0.93	246	
20	86	8.90	1.38	0.00	0.41	0.20	-0.04	235	
2	87	8.57	0.87	0.00	0.41	0.20	-0.18	229	
4	87	5.04	1.37	0.00	0.37	0.21	0.08	196	
6	87	6.82	0.63	0.00	0.37	0.21	2.56	195	
11	87	7.31	1.37	0.00	0.38	0.21	-1.74	204	
12	87	7.39	0.63	0.00	0.37	0.21	1.36	199	
13	87	8.32	1.38	0.00	0.39	0.21	-3.83	211	
14	87	5.66	0.82	0.00	0.38	0.21	-1.48	199	
15	87	4.55	1.37	0.00	0.37	0.21	-0.15	199	
17	87	6.11	1.37	0.00	0.37	0.21	-1.76	196	
19	87	8.77	0.63	0.00	0.42	0.20	0.31	248	
20	87	8.96	1.38	0.00	0.41	0.20	-0.03	239	
2	88	8.63	0.86	0.00	0.41	0.20	-0.11	230	
4	88	5.08	1.36	0.00	0.37	0.21	-2.06	196	
6	88	6.87	0.63	0.00	0.37	0.21	0.72	196	
11	88	7.36	1.37	0.00	0.38	0.21	-0.71	205	
12	88	7.44	0.63	0.00	0.38	0.21	0.14	200	
13	88	8.37	1.37	0.00	0.39	0.21	-1.37	211	
14	88	5.71	0.82	0.00	0.38	0.21	1.90	199	
15	88	4.60	1.37	0.00	0.37	0.21	-3.18	199	
17	88	6.16	1.37	0.00	0.37	0.21	-0.03	197	
19	88	8.84	0.63	0.00	0.42	0.20	3.09	249	
20	88	9.02	1.38	0.00	0.42	0.20	-0.02	243	
2	89	8.68	0.86	0.00	0.41	0.20	-0.06	230	
4	89	5.13	1.36	0.00	0.37	0.21	-0.41	196	
6	89	6.92	0.63	0.00	0.37	0.21	3.20	196	
11	89	7.41	1.37	0.00	0.38	0.21	-4.03	205	
12	89	7.49	0.64	0.00	0.38	0.21	2.57	201	
13	89	8.43	1.37	0.00	0.39	0.21	-3.36	211	
14	89	5.76	0.82	0.00	0.38	0.21	0.47	199	
15	89	4.65	1.37	0.00	0.37	0.21	-1.93	199	
17	89	6.21	1.37	0.00	0.37	0.21	-1.92	197	
19	89	8.90	0.63	0.00	0.43	0.20	1.87	250	
20	89	9.07	1.38	0.00	0.42	0.20	-0.02	245	
2	90	8.74	0.86	0.00	0.41	0.20	-0.02	230	
4	90	5.18	1.36	0.00	0.37	0.21	-2.85	196	
6	90	6.97	0.64	0.00	0.37	0.21	1.02	196	
11	90	7.46	1.36	0.00	0.38	0.21	-2.32	205	
12	90	7.54	0.64	0.00	0.38	0.21	1.04	202	
13	90	8.48	1.37	0.00	0.39	0.21	-1.01	211	
14	90	5.81	0.82	0.00	0.38	0.21	-0.41	199	
15	90	4.70	1.37	0.00	0.37	0.21	-1.00	199	
17	90	6.25	1.37	0.00	0.37	0.21	-0.10	197	
19	90	8.96	0.63	0.00	0.43	0.20	1.01	250	
20	90	9.14	1.38	0.00	0.42	0.20	-0.01	247	
2	91	8.80	0.86	0.00	0.41	0.20	0.01	230	
4	91	5.23	1.36	0.00	0.37	0.21	-1.07	196	
6	91	7.02	0.64	0.00	0.37	0.21	3.56	196	
11	91	7.51	1.36	0.00	0.38	0.21	-1.15	205	
12	91	7.59	0.64	0.00	0.38	0.21	4.06	203	
13	91	8.53	1.37	0.00	0.39	0.21	-2.90	211	
14	91	5.86	0.82	0.00	0.38	0.21	-1.12	200	
15	91	4.75	1.37	0.00	0.37	0.21	-0.30	199	
17	91	6.30	1.36	0.00	0.37	0.21	-2.00	197	
19	91	9.02	0.63	0.00	0.43	0.20	0.40	251	
20	91	9.20	1.38	0.00	0.42	0.20	-0.01	249	
2	92	8.85	0.86	0.00	0.41	0.20	0.03	230	
4	92	5.28	1.36	0.00	0.37	0.21	-3.91	197	
6	92	7.07	0.64	0.00	0.37	0.21	1.46	196	
11	92	7.56	1.36	0.00	0.38	0.21	-0.26	205	
12	92	7.64	0.64	0.00	0.38	0.21	2.15	203	
13	92	8.58	1.37	0.00	0.39	0.21	-0.66	211	
14	92	5.91	0.82	0.00	0.38	0.21	-1.52	200	
15	92	4.80	1.37	0.00	0.37	0.21	-3.54	200	
17	92	6.35	1.36	0.00	0.38	0.21	-0.15	198	
19	92	9.08	0.63	0.00	0.43	0.20	3.31	252	
20	92	9.26	1.38	0.00	0.43	0.20	-0.01	250	
2	93	8.91	0.86	0.00	0.41	0.20	0.04	230	
4	93	5.32	1.36	0.00	0.37	0.21	-1.73	196	
6	93	7.11	0.64	0.00	0.37	0.21	4.16	197	
11	93	7.61	1.36	0.00	0.38	0.21	-3.07	206	
12	93	7.69	0.64	0.00	0.38	0.21	0.75	204	
13	93	8.63	1.37	0.00	0.39	0.21	-2.37	210	
14	93	5.96	0.82	0.00	0.38	0.21	1.19	199	
15	93	4.85	1.36	0.00	0.37	0.21	-2.19	199	
17	93	6.40	1.36	0.00	0.38	0.21	-2.17	199	
19	93	9.14	0.64	0.00	0.43	0.20	2.05	252	
20	93	9.32	1.38	0.00	0.43	0.20	-0.01	251	
2	94	8.97	0.86	0.00	0.41	0.20	0.05	230	
4	94	5.37	1.36	0.00	0.37	0.21	-0.21	196	
6	94	7.16	0.64	0.00	0.37	0.21	1.77	196	
11	94	7.66	1.36	0.00	0.38	0.21	-1.69	206	
12	94	7.74	0.64	0.00	0.38	0.21	3.64	205	
13	94	8.68	1.37	0.00	0.39	0.21	-0.25	210	
14	94	6.00	0.82	0.00	0.38	0.21	0.10	200	
15	94	4.89	1.36	0.00	0.37	0.21	-1.18	199	
17	94	6.45	1.36	0.00	0.38	0.21	-0.23	199	
19	94	9.20	0.64	0.00	0.43	0.20	1.15	252	
20	94	9.38	1.38	0.00	0.43	0.20	-0.01	252	
2	95	9.02	0.87	0.00	0.41	0.20	0.05	229	
4	95	5.42	1.35	0.00	0.37	0.21	-2.56	196	
6	95	7.21	0.64	0.00	0.37	0.21	0.17	196	
11	95	7.71	1.36	0.00	0.38	0.21	-0.67	206	
12	95	7.79	0.65	0.00	0.38	0.21	1.83	205	
13	95	8.74	1.36	0.00	0.39	0.21	-1.83	210	
14	95	6.05	0.82	0.00	0.38	0.21	-0.72	200	
15	95	4.94	1.36	0.00	0.37	0.21	-0.43	199	
17	95	6.50	1.36	0.00	0.38	0.21	-2.27	199	
19	95	9.27	0.64	0.00	0.43	0.20	0.51	252	
20	95	9.44	1.38	0.00	0.43	0.20	-0.00	252	
2	96	9.08	0.87	0.00	0.41	0.21	0.05	229	
4	96	5.47	1.35	0.00	0.37	0.21	-0.87	196	
6	96	7.26	0.65	0.00	0.37	0.21	2.36	196	
11	96	7.76	1.36	0.00	0.38	0.21	0.03	206	
12	96	7.84	0.65	0.00	0.38	0.21	0.53	205	
13	96	8.79	1.36	0.00	0.39	0.21	-3.83	210	
14	96	6.10	0.82	0.00	0.38	0.21	-1.24	200	
15	96	4.99	1.36	0.00	0.37	0.21	-3.88	200	
17	96	6.55	1.36	0.00	0.38	0.21	-0.31	199	
19	96	9.33	0.64	0.00	0.43	0.20	0.05	252	
20	96	9.51	1.38	0.00	0.43	0.20	-0.00	253	
2	97	9.14	0.87	0.00	0.41	0.21	0.04	228	
4	97	5.52	1.35	0.00	0.37	0.21	-3.53	196	
6	97	7.31	0.65	0.00	0.37	0.21	0.48	196	
11	97	7.81	1.35	0.00	0.38	0.21	-2.45	206	
12	97	7.89	0.65	0.00	0.38	0.21	3.17	206	
13	97	8.84	1.36	0.00	0.39	0.21	-1.29	209	
14	97	6.15	0.82	0.00	0.38	0.21	2.19	200	
15	97	5.04	1.36	0.00	0.37	0.21	-2.46	199	
17	97	6.60	1.35	0.00	0.38	0.21	-2.28	200	
19	97	9.39	0.64	0.00	0.43	0.20	2.29	252	
20	97	9.57	1.38	0.00	0.43	0.20	-0.00	253	
2	98	9.19	0.87	0.00	0.40	0.21	0.04	228	
4	98	5.56	1.35	0.00	0.37	0.21	-1.47	196	
6	98	7.35	0.65	0.00	0.37	0.21	2.77	196	
11	98	7.86	1.35	0.00	0.38	0.21	-1.24	206	
12	98	7.94	0.65	0.00	0.38	0.21	1.49	206	
13	98	8.89	1.36	0.00	0.39	0.21	-3.15	209	
14	98	6.20	0.82	0.00	0.38	0.21	0.81	200	
15	98	5.09	1.36	0.00	0.37	0.21	-1.37	199	
17	98	6.64	1.35	0.00	0.38	0.21	-0.31	200	
19	98	9.45	0.64	0.00	0.43	0.20	1.32	252	
20	98	9.63	1.38	0.00	0.43	0.20	-0.00	254	
2	99	9.25	0.87	0.00	0.40	0.21	0.02	227	
4	99	5.61	1.35	0.00	0.37	0.21	-0.04	196	
6	99	7.40	0.65	0.00	0.37	0.21	0.92	196	
11	99	7.91	1.35	0.00	0.38	0.21	-0.40	206	
12	99	7.99	0.65	0.00	0.38	0.21	0.26	207	
13	99	8.94	1.36	0.00	0.39	0.21	-0.77	208	
14	99	6.25	0.82	0.00	0.38	0.21	-0.24	200	
15	99	5.14	1.35	0.00	0.37	0.21	-0.57	199	
17	99	6.69	1.35	0.00	0.38	0.21	-2.24	199	
19	99	9.51	0.64	0.00	0.43	0.20	0.63	252	
20	99	9.69	1.38	0.00	0.43	0.20	-0.00	254	
2	100	9.30	0.87	0.00	0.40	0.21	0.01	227	
4	100	5.66	1.35	0.00	0.37	0.21	-2.31	196	
6	100	7.45	0.65	0.00	0.37	0.21	3.46	197	
11	100	7.96	1.35	0.00	0.38	0.21	-3.53	207	
12	100	8.04	0.65	0.00	0.38	0.21	2.69	207	
13	100	8.99	1.36	0.00	0.39	0.21	-2.51	207	
14	100	6.30	0.82	0.00	0.38	0.21	-0.90	200	
15	100	5.19	1.35	0.00	0.37	0.21	-4.16	200	
17	100	6.74	1.35	0.00	0.38	0.21	-0.35	199	
19	100	9.58	0.64	0.00	0.43	0.20	0.14	252	
20	100	9.75	1.38	0.00	0.43	0.20	-0.00	254	
2	101	9.36	0.87	0.00	0.40	0.21	-0.01	226	
4	101	5.71	1.35	0.00	0.37	0.21	-0.69	196	
6	101	7.50	0.65	0.00	0.37	0.21	1.28	196	
11	101	8.01	1.35	0.00	0.38	0.21	-2.02	207	
12	101	8.09	0.65	0.00	0.38	0.21	1.12	207	
13	101	9.04	1.35	0.00	0.39	0.21	-0.27	207	
14	101	6.35	0.82	0.00	0.38	0.21	-1.44	200	
15	101	5.24	1.35	0.00	0.37	0.21	-2.67	199	
17	101	6.79	1.35	0.00	0.38	0.21	-2.26	199	
19	101	9.64	0.65	0.00	0.43	0.20	2.55	253	
20	101	9.82	1.38	0.00	0.43	0.20	-0.00	254	
2	102	9.41	0.87	0.00	0.40	0.21	-0.03	226	
4	102	5.76	1.34	0.00	0.37	0.21	-3.20	196	
6	102	7.55	0.65	0.00	0.37	0.21	4.09	197	
11	102	8.07	1.35	0.00	0.38	0.21	-0.98	207	
12	102	8.15	0.66	0.00	0.38	0.21	-0.05	208	
13	102	9.09	1.35	0.00	0.39	0.21	-1.83	206	
14	102	6.40	0.82	0.00	0.38	0.21	1.61	200	
15	102	5.29	1.35	0.00	0.37	0.21	-1.54	199	
17	102	6.84	1.35	0.00	0.38	0.21	-0.41	199	
19	102	9.70	0.65	0.00	0.43	0.20	1.51	252	
20	102	9.88	1.38	0.00	0.43	0.20	-0.00	254	
2	103	9.47	0.87	0.00	0.40	0.21	-0.05	225	
4	103	5.81	1.34	0.00	0.37	0.21	-1.27	195	
6	103	7.60	0.66	0.00	0.37	0.21	1.88	196	
11	103	8.12	1.35	0.00	0.38	0.21	-0.19	207	
12	103	8.20	0.66	0.00	0.38	0.21	2.13	208	
13	103	9.14	1.35	0.00	0.39	0.21	-3.82	206	
14	103	6.45	0.82	0.00	0.38	0.21	0.32	199	
15	103	5.33	1.35	0.00	0.37	0.21	-0.67	199	
17	103	6.89	1.35	0.00	0.38	0.21	-2.36	199	
19	103	9.76	0.65	0.00	0.43	0.20	0.76	252	
20	103	9.94	1.38	0.00	0.43	0.20	-0.00	254	
2	104	9.53	0.87	0.00	0.40	0.21	-0.07	224	
4	104	5.85	1.34	0.00	0.37	0.21	-4.19	196	
6	104	7.64	0.66	0.00	0.37	0.21	0.20	196	
11	104	8.17	1.34	0.00	0.38	0.21	-2.95	207	
12	104	8.25	0.66	0.00	0.38	0.21	0.66	208	
13	104	9.19	1.35	0.00	0.38	0.21	-1.22	205	
14	104	6.50	0.82	0.00	0.38	0.21	-0.53	200	
15	104	5.38	1.35	0.00	0.37	0.21	-0.03	199	
17	104	6.94	1.34	0.00	0.38	0.21	-0.46	199	
19	104	9.82	0.65	0.00	0.43	0.20	0.23	252	
2	105	9.58	0.87	0.00	0.40	0.21	0.70	227	
4	105	5.90	1.34	0.00	0.37	0.21	-2.08	196	
6	105	7.69	0.66	0.00	0.37	0.21	2.34	197	
11	105	8.22	1.34	0.00	0.38	0.21	-1.62	208	
12	105	8.30	0.66	0.00	0.39	0.21	3.45	210	
13	105	9.25	1.35	0.00	0.39	0.21	-2.85	211	
14	105	6.54	0.82	0.00	0.38	0.21	-1.18	200	
15	105	5.43	1.35	0.00	0.37	0.21	-2.87	199	
17	105	6.99	1.34	0.00	0.38	0.21	-2.42	199	
19	105	9.89	0.65	0.00	0.43	0.20	0.17	253	
2	106	9.64	0.87	0.00	0.41	0.21	1.28	229	
4	106	5.95	1.34	0.00	0.37	0.21	-0.53	196	
6	106	7.74	0.66	0.00	0.37	0.21	0.67	198	
11	106	8.27	1.34	0.00	0.38	0.21	-0.65	209	
12	106	8.35	0.66	0.00	0.39	0.21	1.77	211	
13	106	9.30	1.35	0.00	0.39	0.21	-0.45	216	
14	106	6.59	0.82	0.00	0.38	0.21	2.60	200	
15	106	5.48	1.34	0.00	0.37	0.21	-1.70	199	
17	106	7.04	1.34	0.00	0.38	0.21	-0.49	199	
19	106	9.95	0.65	0.00	0.43	0.20	0.14	253	
2	107	9.69	0.87	0.00	0.41	0.20	1.58	231	
4	107	6.00	1.34	0.00	0.37	0.21	-3.00	196	
6	107	7.79	0.66	0.00	0.37	0.21	3.22	199	
11	107	8.32	1.34	0.00	0.38	0.21	-0.00	210	
12	107	8.40	0.66	0.00	0.39	0.21	0.57	212	
13	107	9.35	1.34	0.00	0.40	0.21	-1.99	219	
14	107	6.64	0.82	0.00	0.38	0.21	0.99	200	
15	107	5.53	1.34	0.00	0.37	0.21	-0.79	199	
17	107	7.08	1.34	0.00	0.38	0.21	-2.61	199	
2	108	9.75	0.87	0.00	0.41	0.20	1.20	236	
4	108	6.05	1.33	0.00	0.37	0.21	-1.18	195	
6	108	7.84	0.66	0.00	0.38	0.21	1.20	199	
11	108	8.37	1.34	0.00	0.39	0.21	-2.62	212	
12	108	8.46	0.66	0.00	0.39	0.21	3.26	215	
13	108	9.41	1.34	0.00	0.40	0.21	-0.67	225	
14	108	6.69	0.82	0.00	0.38	0.21	-0.09	200	
15	108	5.58	1.34	0.00	0.37	0.21	-0.11	199	
17	108	7.13	1.34	0.00	0.38	0.21	-0.61	199	
2	109	9.81	0.87	0.00	0.42	0.20	0.91	240	
4	109	6.09	1.33	0.00	0.37	0.21	-4.14	196	
6	109	7.89	0.66	0.00	0.38	0.21	4.03	201	
11	109	8.42	1.34	0.00	0.39	0.21	-1.47	213	
12	109	8.51	0.67	0.00	0.39	0.21	1.68	216	
13	109	9.46	1.34	0.00	0.41	0.20	-3.14	229	
14	109	6.74	0.82	0.00	0.38	0.21	-0.88	200	
15	109	5.63	1.34	0.00	0.37	0.21	-3.08	199	
17	109	7.18	1.34	0.00	0.38	0.21	-2.90	200	
2	110	9.87	0.87	0.00	0.42	0.20	0.70	243	
4	110	6.14	1.33	0.00	0.37	0.21	-2.08	196	
6	110	7.94	0.67	0.00	0.38	0.21	1.92	201	
11	110	8.48	1.34	0.00	0.39	0.21	-0.70	214	
12	110	8.56	0.67	0.00	0.39	0.21	0.50	217	
13	110	9.52	1.34	0.00	0.41	0.20	-1.53	232	
14	110	6.79	0.82	0.00	0.38	0.21	-1.42	201	
15	110	5.68	1.34	0.00	0.37	0.21	-1.86	199	
17	110	7.23	1.33	0.00	0.38	0.21	-0.79	200	
2	111	9.93	0.87	0.00	0.42	0.20	0.54	246	
4	111	6.19	1.33	0.00	0.37	0.21	-0.52	196	
6	111	7.99	0.67	0.00	0.38	0.21	0.40	202	
11	111	8.53	1.34	0.00	0.39	0.21	-0.13	215	
12	111	8.61	0.67	0.00	0.39	0.21	3.06	218	
13	111	9.58	1.34	0.00	0.41	0.20	-0.41	235	
14	111	6.84	0.82	0.00	0.38	0.21	2.00	201	
15	111	5.72	1.34	0.00	0.37	0.21	-0.93	199	
17	111	7.28	1.33	0.00	0.38	0.21	-3.10	200	
2	112	9.99	0.87	0.00	0.42	0.20	0.41	248	
4	112	6.24	1.33	0.00	0.37	0.21	-3.05	196	
6	112	8.04	0.67	0.00	0.38	0.21	2.68	202	
11	112	8.58	1.33	0.00	0.39	0.21	-2.87	216	
12	112	8.67	0.67	0.00	0.39	0.21	1.55	219	
13	112	9.63	1.34	0.00	0.42	0.20	-2.65	237	
14	112	6.89	0.82	0.00	0.38	0.21	0.56	201	
15	112	5.77	1.34	0.00	0.37	0.21	-0.22	199	
17	112	7.33	1.33	0.00	0.38	0.21	-1.02	200	
4	113	6.29	1.33	0.00	0.37	0.21	-1.26	196	
6	113	8.09	0.67	0.00	0.38	0.21	0.94	203	
11	113	8.64	1.33	0.00	0.39	0.21	-1.80	217	
12	113	8.72	0.67	0.00	0.40	0.21	0.51	222	
13	113	9.69	1.34	0.00	0.42	0.20	-1.84	240	
14	113	6.94	0.82	0.00	0.38	0.21	-0.39	201	
15	113	5.82	1.33	0.00	0.37	0.21	-3.31	199	
17	113	7.38	1.33	0.00	0.38	0.21	-3.44	201	
4	114	6.33	1.33	0.00	0.37	0.21	0.08	196	
6	114	8.14	0.67	0.00	0.38	0.21	3.63	204	
11	114	8.69	1.33	0.00	0.39	0.21	-1.06	219	
12	114	8.78	0.67	0.00	0.40	0.20	3.25	226	
13	114	9.75	1.33	0.00	0.42	0.20	-1.41	243	
14	114	6.99	0.82	0.00	0.38	0.21	-1.11	201	
15	114	5.87	1.33	0.00	0.37	0.21	-2.04	199	
17	114	7.43	1.33	0.00	0.38	0.21	-1.36	202	
4	115	6.38	1.32	0.00	0.37	0.21	-2.26	196	
6	115	8.19	0.67	0.00	0.38	0.21	1.72	205	
11	115	8.74	1.33	0.00	0.39	0.21	-0.50	220	
12	115	8.83	0.68	0.00	0.40	0.20	1.81	228	
13	115	9.81	1.33	0.00	0.42	0.20	-1.08	246	
14	115	7.04	0.82	0.00	0.38	0.21	-1.56	202	
15	115	5.92	1.33	0.00	0.37	0.21	-1.06	199	
17	115	7.48	1.33	0.00	0.38	0.21	-3.95	203	
4	116	6.43	1.32	0.00	0.37	0.21	-0.68	197	
6	116	8.24	0.67	0.00	0.38	0.21	0.31	206	
11	116	8.80	1.33	0.00	0.40	0.21	-0.12	222	
12	116	8.89	0.68	0.00	0.41	0.20	0.73	230	
13	116	9.87	1.33	0.00	0.43	0.20	-0.83	248	
14	116	7.09	0.82	0.00	0.38	0.21	1.12	201	
15	116	5.97	1.33	0.00	0.37	0.21	-0.32	199	
17	116	7.53	1.33	0.00	0.38	0.21	-1.74	203	
4	117	6.48	1.32	0.00	0.37	0.21	-3.40	198	
6	117	8.29	0.68	0.00	0.38	0.21	2.58	206	
11	117	8.85	1.33	0.00	0.40	0.21	-3.11	223	
12	117	8.95	0.68	0.00	0.41	0.20	3.54	232	
13	117	9.93	1.33	0.00	0.43	0.20	-0.64	249	
14	117	7.14	0.82	0.00	0.38	0.21	0.06	201	
15	117	6.02	1.33	0.00	0.37	0.21	-3.55	199	
17	117	7.58	1.32	0.00	0.38	0.21	-0.12	204	
4	118	6.53	1.32	0.00	0.37	0.21	-1.57	199	
6	118	8.34	0.68	0.00	0.38	0.21	0.92	206	
11	118	8.91	1.33	0.00	0.40	0.21	-1.93	223	
12	118	9.00	0.68	0.00	0.41	0.20	2.05	233	
13	118	9.99	1.33	0.00	0.43	0.20	-0.49	250	
14	118	7.19	0.82	0.00	0.38	0.21	-0.79	202	
15	118	6.07	1.33	0.00	0.37	0.21	-2.21	199	
17	118	7.63	1.32	0.00	0.38	0.21	-2.15	204	
4	119	6.58	1.32	0.00	0.38	0.21	-0.23	200	
6	119	8.39	0.68	0.00	0.38	0.21	3.77	208	
11	119	8.96	1.32	0.00	0.40	0.21	-1.09	229	
12	119	9.06	0.68	0.00	0.41	0.20	1.47	237	
14	119	7.23	0.82	0.00	0.38	0.21	-1.34	202	
15	119	6.12	1.33	0.00	0.37	0.21	-1.20	199	
17	119	7.68	1.32	0.00	0.38	0.21	-0.49	206	
4	120	6.63	1.32	0.00	0.38	0.21	-2.57	199	
6	120	8.44	0.68	0.00	0.38	0.21	1.98	209	
11	120	9.02	1.32	0.00	0.41	0.21	-0.51	234	
12	120	9.12	0.68	0.00	0.42	0.20	1.12	241	
14	120	7.28	0.82	0.00	0.38	0.21	1.85	202	
15	120	6.16	1.32	0.00	0.37	0.21	-0.42	200	
17	120	7.73	1.32	0.00	0.38	0.21	-2.59	206	
4	121	6.67	1.31	0.00	0.37	0.21	-0.87	198	
6	121	8.49	0.68	0.00	0.39	0.21	0.63	209	
11	121	9.08	1.32	0.00	0.41	0.20	-0.12	239	
12	121	9.18	0.68	0.00	0.42	0.20	0.86	244	
14	121	7.33	0.82	0.00	0.38	0.21	0.55	202	
15	121	6.21	1.32	0.00	0.37	0.21	-3.77	200	
17	121	7.78	1.32	0.00	0.38	0.21	-0.80	207	
4	122	6.72	1.31	0.00	0.37	0.21	-3.62	198	
6	122	8.54	0.68	0.00	0.39	0.21	3.29	210	
11	122	9.14	1.32	0.00	0.42	0.20	-2.74	242	
12	122	9.24	0.69	0.00	0.42	0.20	0.66	246	
14	122	7.38	0.82	0.00	0.38	0.21	-0.36	202	
15	122	6.26	1.32	0.00	0.37	0.21	-2.38	199	
17	122	7.83	1.32	0.00	0.39	0.21	-3.24	208	
4	123	6.77	1.31	0.00	0.37	0.21	-1.74	197	
6	123	8.59	0.69	0.00	0.39	0.21	1.64	210	
11	123	9.20	1.32	0.00	0.42	0.20	-1.72	245	
12	123	9.30	0.69	0.00	0.42	0.20	0.51	248	
14	123	7.43	0.82	0.00	0.38	0.21	-1.04	202	
15	123	6.31	1.32	0.00	0.37	0.21	-1.32	199	
17	123	7.88	1.32	0.00	0.39	0.21	-1.20	208	
4	124	6.82	1.31	0.00	0.37	0.21	-0.31	197	
6	124	8.65	0.69	0.00	0.39	0.21	0.39	211	
11	124	9.26	1.32	0.00	0.42	0.20	-0.99	247	
12	124	9.36	0.69	0.00	0.42	0.20	0.39	249	
14	124	7.48	0.82	0.00	0.38	0.21	-1.53	202	
15	124	6.36	1.32	0.00	0.37	0.21	-0.52	199	
17	124	7.93	1.31	0.00	0.39	0.21	-3.85	210	
4	125	6.87	1.31	0.00	0.37	0.21	-2.75	196	
6	125	8.70	0.69	0.00	0.39	0.21	2.88	211	
11	125	9.32	1.32	0.00	0.42	0.20	-0.48	248	
12	125	9.42	0.69	0.00	0.43	0.20	0.30	251	
14	125	7.53	0.82	0.00	0.38	0.21	1.30	202	
15	125	6.41	1.32	0.00	0.37	0.21	-4.03	200	
17	125	7.98	1.31	0.00	0.39	0.21	-1.65	210	
4	126	6.92	1.31	0.00	0.37	0.21	-1.06	196	
6	126	8.75	0.69	0.00	0.39	0.21	1.34	211	
11	126	9.38	1.32	0.00	0.42	0.20	-0.11	249	
12	126	9.48	0.69	0.00	0.43	0.20	0.23	251	
14	126	7.58	0.82	0.00	0.38	0.21	0.22	202	
15	126	6.46	1.32	0.00	0.37	0.21	-2.58	199	
17	126	8.04	1.31	0.00	0.39	0.21	-0.09	210	
4	127	6.96	1.31	0.00	0.37	0.21	-3.99	196	
6	127	8.80	0.69	0.00	0.39	0.21	0.17	211	
11	127	9.44	1.31	0.00	0.42	0.20	-2.66	251	
12	127	9.55	0.69	0.00	0.43	0.20	0.18	252	
14	127	7.63	0.82	0.00	0.38	0.21	-0.62	202	
15	127	6.51	1.31	0.00	0.37	0.21	-1.48	199	
17	127	8.09	1.31	0.00	0.39	0.21	-2.04	211	
4	128	7.01	1.30	0.00	0.37	0.21	-2.04	196	
6	128	8.85	0.69	0.00	0.39	0.21	2.59	211	
11	128	9.50	1.31	0.00	0.42	0.20	-1.68	251	
12	128	9.61	0.69	0.00	0.43	0.20	0.14	253	
14	128	7.68	0.82	0.00	0.38	0.21	-1.23	203	
15	128	6.56	1.31	0.00	0.37	0.21	-0.69	199	
17	128	8.14	1.31	0.00	0.39	0.21	-0.34	212	
4	129	7.06	1.30	0.00	0.37	0.21	-0.55	196	
6	129	8.90	0.70	0.00	0.39	0.21	1.13	211	
11	129	9.56	1.31	0.00	0.42	0.20	-0.98	252	
12	129	9.67	0.69	0.00	0.43	0.20	0.11	253	
14	129	7.73	0.82	0.00	0.38	0.21	2.25	203	
15	129	6.60	1.31	0.00	0.37	0.21	-0.08	200	
17	129	8.19	1.31	0.00	0.39	0.21	-2.36	212	
4	130	7.11	1.30	0.00	0.37	0.21	-3.15	196	
6	130	8.96	0.70	0.00	0.39	0.21	0.02	210	
11	130	9.63	1.31	0.00	0.43	0.20	-0.47	252	
12	130	9.73	0.69	0.00	0.43	0.20	0.08	253	
14	130	7.78	0.82	0.00	0.38	0.21	0.91	203	
15	130	6.65	1.31	0.00	0.37	0.21	-2.98	199	
17	130	8.24	1.30	0.00	0.39	0.21	-0.65	213	
4	131	7.16	1.30	0.00	0.37	0.21	-1.40	196	
6	131	9.01	0.70	0.00	0.39	0.21	2.35	210	
11	131	9.69	1.31	0.00	0.43	0.20	-0.11	252	
12	131	9.79	0.69	0.00	0.43	0.20	0.06	254	
14	131	7.83	0.82	0.00	0.38	0.21	-0.10	203	
15	131	6.70	1.31	0.00	0.37	0.21	-1.79	199	
17	131	8.30	1.30	0.00	0.39	0.21	-2.66	214	
4	132	7.21	1.30	0.00	0.37	0.21	-0.07	196	
6	132	9.06	0.70	0.00	0.39	0.21	0.97	210	
11	132	9.75	1.31	0.00	0.43	0.20	-2.63	253	
12	132	9.86	0.69	0.00	0.43	0.20	0.05	254	
14	132	7.88	0.82	0.00	0.38	0.21	-0.84	203	
15	132	6.75	1.31	0.00	0.37	0.21	-0.88	199	
17	132	8.35	1.30	0.00	0.39	0.21	-0.80	214	
4	133	7.25	1.30	0.00	0.37	0.21	-2.49	196	
6	133	9.11	0.70	0.00	0.39	0.21	3.91	210	
11	133	9.81	1.31	0.00	0.43	0.20	-1.66	253	
12	133	9.92	0.69	0.00	0.43	0.20	0.04	254	
14	133	7.93	0.82	0.00	0.38	0.21	-1.40	203	
15	133	6.80	1.31	0.00	0.37	0.21	-0.18	199	
17	133	8.40	1.30	0.00	0.39	0.21	-3.04	215	
4	134	7.30	1.29	0.00	0.37	0.21	-0.92	196	
6	134	9.16	0.70	0.00	0.39	0.21	2.16	210	
11	134	9.87	1.30	0.00	0.43	0.20	-0.96	253	
12	134	9.98	0.69	0.00	0.43	0.20	0.03	254	
14	134	7.98	0.82	0.00	0.38	0.21	1.88	203	
15	134	6.85	1.30	0.00	0.37	0.21	-3.22	199	
17	134	8.45	1.30	0.00	0.39	0.21	-0.97	215	
4	135	7.35	1.29	0.00	0.37	0.21	-3.83	197	
6	135	9.21	0.70	0.00	0.39	0.21	0.79	214	
11	135	9.94	1.30	0.00	0.43	0.20	-0.66	253	
14	135	8.03	0.82	0.00	0.38	0.21	0.62	204	
15	135	6.90	1.30	0.00	0.37	0.21	-1.98	199	
17	135	8.51	1.30	0.00	0.39	0.21	-3.38	217	
4	136	7.40	1.29	0.00	0.37	0.21	-1.97	197	
6	136	9.27	0.71	0.00	0.40	0.21	3.46	219	
11	136	10.00	1.30	0.00	0.43	0.20	-0.51	253	
14	136	8.08	0.82	0.00	0.38	0.21	-0.32	205	
15	136	6.95	1.30	0.00	0.37	0.21	-1.03	199	
17	136	8.56	1.30	0.00	0.40	0.21	-1.54	218	
4	137	7.45	1.29	0.00	0.37	0.21	-0.57	198	
6	137	9.32	0.71	0.00	0.40	0.21	2.53	227	
14	137	8.13	0.82	0.00	0.38	0.21	-0.95	206	
15	137	7.00	1.30	0.00	0.37	0.21	-0.30	199	
17	137	8.61	1.29	0.00	0.40	0.21	-0.20	221	
4	138	7.50	1.29	0.00	0.38	0.21	-3.31	199	
6	138	9.38	0.71	0.00	0.41	0.20	1.91	233	
14	138	8.18	0.82	0.00	0.38	0.21	-1.43	207	
15	138	7.04	1.30	0.00	0.37	0.21	-3.54	199	
17	138	8.67	1.29	0.00	0.40	0.21	-2.33	224	
4	139	7.54	1.29	0.00	0.38	0.21	-1.60	199	
6	139	9.44	0.71	0.00	0.41	0.20	1.45	238	
14	139	8.23	0.82	0.00	0.38	0.21	-1.79	208	
15	139	7.09	1.30	0.00	0.37	0.21	-2.22	199	
17	139	8.73	1.29	0.00	0.40	0.20	-0.95	227	
4	140	7.59	1.29	0.00	0.38	0.21	-0.30	200	
6	140	9.50	0.71	0.00	0.42	0.20	1.11	241	
14	140	8.28	0.82	0.00	0.39	0.21	1.62	209	
15	140	7.14	1.29	0.00	0.37	0.21	-1.22	200	
17	140	8.78	1.29	0.00	0.41	0.20	0.06	229	
4	141	7.64	1.28	0.00	0.38	0.21	-2.86	200	
6	141	9.56	0.71	0.00	0.42	0.20	0.85	244	
14	141	8.34	0.82	0.00	0.39	0.21	0.52	210	
15	141	7.19	1.29	0.00	0.37	0.21	-0.47	200	
17	141	8.84	1.29	0.00	0.41	0.20	-2.02	231	
4	142	7.69	1.28	0.00	0.38	0.21	-1.28	200	
6	142	9.62	0.71	0.00	0.42	0.20	0.65	247	
14	142	8.39	0.82	0.00	0.39	0.21	-0.32	210	
15	142	7.24	1.29	0.00	0.38	0.21	-3.99	201	
17	142	8.89	1.29	0.00	0.41	0.20	-0.78	232	
4	143	7.74	1.28	0.00	0.38	0.21	-0.07	201	
6	143	9.68	0.72	0.00	0.42	0.20	0.50	248	
14	143	8.44	0.82	0.00	0.39	0.21	-0.97	210	
15	143	7.29	1.29	0.00	0.38	0.21	-2.59	200	
17	143	8.95	1.29	0.00	0.41	0.20	-3.36	234	
4	144	7.79	1.28	0.00	0.38	0.21	-2.48	201	
6	144	9.74	0.72	0.00	0.42	0.20	0.39	250	
14	144	8.49	0.82	0.00	0.39	0.21	-1.45	211	
15	144	7.34	1.29	0.00	0.38	0.21	-1.52	200	
17	144	9.01	1.28	0.00	0.41	0.20	-1.81	234	
4	145	7.84	1.28	0.00	0.38	0.21	-1.00	201	
6	145	9.80	0.72	0.00	0.43	0.20	0.30	251	
14	145	8.54	0.82	0.00	0.39	0.21	1.76	211	
15	145	7.39	1.29	0.00	0.38	0.21	-0.71	201	
17	145	9.07	1.28	0.00	0.41	0.20	-0.63	234	
4	146	7.89	1.28	0.00	0.38	0.21	-4.03	202	
6	146	9.86	0.72	0.00	0.43	0.20	0.23	252	
14	146	8.59	0.82	0.00	0.39	0.21	0.61	212	
15	146	7.44	1.29	0.00	0.38	0.21	-0.10	201	
17	146	9.12	1.28	0.00	0.41	0.20	-3.10	235	
4	147	7.94	1.27	0.00	0.38	0.21	-2.19	202	
6	147	9.92	0.72	0.00	0.43	0.20	0.18	252	
14	147	8.65	0.82	0.00	0.39	0.21	-0.27	212	
15	147	7.49	1.29	0.00	0.38	0.21	-3.11	201	
17	147	9.18	1.28	0.00	0.41	0.20	-1.63	235	
4	148	7.99	1.27	0.00	0.38	0.21	-0.79	203	
6	148	9.98	0.72	0.00	0.43	0.20	0.14	253	
14	148	8.70	0.82	0.00	0.39	0.21	-0.93	213	
15	148	7.54	1.28	0.00	0.38	0.21	-1.94	201	
17	148	9.24	1.28	0.00	0.41	0.20	-0.50	235	
4	149	8.04	1.27	0.00	0.38	0.21	-3.73	204	
14	149	8.75	0.82	0.00	0.39	0.21	-1.49	217	
15	149	7.59	1.28	0.00	0.38	0.21	-1.08	202	
17	149	9.30	1.28	0.00	0.42	0.20	-0.17	238	
4	150	8.09	1.27	0.00	0.38	0.21	-2.05	205	
14	150	8.80	0.82	0.00	0.40	0.21	-1.92	222	
15	150	7.64	1.28	0.00	0.38	0.21	-0.42	202	
17	150	9.36	1.28	0.00	0.42	0.20	-0.13	242	
4	151	8.14	1.27	0.00	0.38	0.21	-0.78	206	
14	151	8.86	0.81	0.00	0.40	0.21	-2.23	225	
15	151	7.69	1.28	0.00	0.38	0.21	-3.96	203	
17	151	9.42	1.28	0.00	0.42	0.20	-0.10	245	
4	152	8.19	1.27	0.00	0.38	0.21	-3.78	208	
14	152	8.92	0.81	0.00	0.40	0.20	-2.45	228	
15	152	7.74	1.28	0.00	0.38	0.21	-2.64	203	
17	152	9.48	1.28	0.00	0.42	0.20	-0.08	247	
4	153	8.24	1.27	0.00	0.38	0.21	-2.11	208	
14	153	8.97	0.81	0.00	0.41	0.20	0.53	230	
15	153	7.79	1.28	0.00	0.38	0.21	-1.64	204	
17	153	9.54	1.28	0.00	0.43	0.20	-0.06	249	
4	154	8.29	1.26	0.00	0.39	0.21	-0.85	209	
14	154	9.03	0.81	0.00	0.41	0.20	-0.37	232	
15	154	7.84	1.28	0.00	0.38	0.21	-0.90	204	
17	154	9.60	1.28	0.00	0.43	0.20	-0.05	250	
4	155	8.34	1.26	0.00	0.39	0.21	-3.88	211	
14	155	9.09	0.81	0.00	0.41	0.20	-1.04	233	
15	155	7.89	1.27	0.00	0.38	0.21	-0.33	205	
17	155	9.66	1.28	0.00	0.43	0.20	-0.04	251	
4	156	8.40	1.26	0.00	0.39	0.21	-2.22	211	
14	156	9.14	0.81	0.00	0.41	0.20	-1.55	234	
15	156	7.94	1.27	0.00	0.38	0.21	-3.83	206	
17	156	9.72	1.28	0.00	0.43	0.20	-0.03	252	
4	157	8.45	1.26	0.00	0.39	0.21	-0.95	212	
14	157	9.20	0.81	0.00	0.41	0.20	1.43	235	
15	157	7.99	1.27	0.00	0.38	0.21	-2.61	206	
17	157	9.78	1.28	0.00	0.43	0.20	-0.02	252	
4	158	8.50	1.26	0.00	0.39	0.21	0.01	213	
14	158	9.26	0.81	0.00	0.41	0.20	0.34	235	
15	158	8.04	1.27	0.00	0.38	0.21	-1.70	206	
17	158	9.85	1.28	0.00	0.43	0.20	-0.02	253	
4	159	8.55	1.26	0.00	0.39	0.21	-2.33	214	
14	159	9.32	0.81	0.00	0.41	0.20	-0.49	236	
15	159	8.09	1.27	0.00	0.38	0.21	-1.01	207	
17	159	9.91	1.28	0.00	0.43	0.20	-0.01	253	
4	160	8.60	1.26	0.00	0.39	0.21	-1.06	215	
14	160	9.37	0.81	0.00	0.41	0.20	-1.12	236	
15	160	8.14	1.27	0.00	0.38	0.21	-0.48	207	
17	160	9.97	1.28	0.00	0.43	0.20	-0.01	254	
4	161	8.66	1.25	0.00	0.39	0.21	-0.09	218	
14	161	9.43	0.81	0.00	0.41	0.20	-1.23	238	
15	161	8.19	1.27	0.00	0.38	0.21	-0.09	208	
4	162	8.71	1.25	0.00	0.40	0.21	-2.46	221	
14	162	9.49	0.81	0.00	0.42	0.20	-0.94	242	
15	162	8.24	1.26	0.00	0.38	0.21	-3.20	210	
4	163	8.77	1.25	0.00	0.40	0.21	-1.17	224	
14	163	9.55	0.80	0.00	0.42	0.20	-0.71	245	
15	163	8.29	1.26	0.00	0.39	0.21	-2.18	211	
4	164	8.82	1.25	0.00	0.40	0.21	-0.20	225	
14	164	9.61	0.80	0.00	0.42	0.20	-0.55	247	
15	164	8.34	1.26	0.00	0.39	0.21	-1.42	212	
4	165	8.88	1.25	0.00	0.40	0.21	-2.61	227	
14	165	9.67	0.80	0.00	0.42	0.20	-0.42	249	
15	165	8.40	1.26	0.00	0.39	0.21	-0.85	213	
4	166	8.93	1.25	0.00	0.40	0.21	-1.32	228	
14	166	9.73	0.80	0.00	0.43	0.20	-0.32	250	
15	166	8.45	1.26	0.00	0.39	0.21	-0.41	214	
4	167	8.99	1.25	0.00	0.40	0.21	-0.34	229	
14	167	9.79	0.80	0.00	0.43	0.20	-0.25	251	
15	167	8.50	1.26	0.00	0.39	0.21	-0.08	214	
4	168	9.05	1.24	0.00	0.41	0.21	-2.84	230	
14	168	9.86	0.80	0.00	0.43	0.20	-0.19	252	
15	168	8.55	1.26	0.00	0.39	0.21	-3.17	215	
4	169	9.10	1.24	0.00	0.41	0.21	-1.52	230	
14	169	9.92	0.80	0.00	0.43	0.20	-0.15	252	
15	169	8.61	1.25	0.00	0.39	0.21	-2.22	216	
4	170	9.16	1.24	0.00	0.41	0.21	-0.51	231	
14	170	9.98	0.80	0.00	0.43	0.20	-0.11	253	
15	170	8.66	1.25	0.00	0.39	0.21	-1.50	216	
4	171	9.22	1.24	0.00	0.41	0.20	-0.16	234	
15	171	8.71	1.25	0.00	0.39	0.21	-1.06	217	
4	172	9.27	1.24	0.00	0.41	0.20	-0.12	239	
15	172	8.77	1.25	0.00	0.39	0.21	-0.77	219	
4	173	9.33	1.24	0.00	0.42	0.20	-0.09	242	
15	173	8.82	1.25	0.00	0.40	0.21	-0.56	221	
4	174	9.39	1.24	0.00	0.42	0.20	-0.07	245	
15	174	8.88	1.25	0.00	0.40	0.21	-0.40	222	
4	175	9.45	1.24	0.00	0.42	0.20	-0.05	247	
15	175	8.93	1.25	0.00	0.40	0.21	-0.28	223	
4	176	9.51	1.24	0.00	0.42	0.20	-0.04	249	
15	176	8.99	1.25	0.00	0.40	0.21	-0.19	223	
4	177	9.58	1.24	0.00	0.42	0.20	-0.03	250	
15	177	9.04	1.25	0.00	0.40	0.21	-0.12	224	
4	178	9.64	1.24	0.00	0.43	0.20	-0.02	251	
15	178	9.10	1.25	0.00	0.40	0.21	-0.06	224	
4	179	9.70	1.24	0.00	0.43	0.20	-0.02	252	
15	179	9.15	1.25	0.00	0.40	0.20	-0.02	225	
4	180	9.76	1.24	0.00	0.43	0.20	-0.01	252	
15	180	9.21	1.25	0.00	0.40	0.20	-3.51	225	
4	181	9.82	1.24	0.00	0.43	0.20	-0.01	253	
15	181	9.26	1.24	0.00	0.40	0.20	-2.70	225	
4	182	9.88	1.24	0.00	0.43	0.20	-0.01	253	
15	182	9.32	1.24	0.00	0.40	0.20	-2.08	225	
4	183	9.95	1.24	0.00	0.43	0.20	-0.01	254	
15	183	9.37	1.24	0.00	0.40	0.20	-1.60	225	
15	184	9.43	1.24	0.00	0.40	0.20	-1.24	226	
15	185	9.48	1.24	0.00	0.41	0.20	-0.93	232	
15	186	9.54	1.24	0.00	0.41	0.20	-0.71	237	
15	187	9.60	1.24	0.00	0.42	0.20	-0.54	241	
15	188	9.66	1.24	0.00	0.42	0.20	-0.41	244	
15	189	9.72	1.24	0.00	0.42	0.20	-0.32	246	
15	190	9.78	1.24	0.00	0.42	0.20	-0.24	248	
15	191	9.84	1.24	0.00	0.42	0.20	-0.19	250	
15	192	9.90	1.24	0.00	0.42	0.20	-0.15	251	
15	193	9.96	1.24	0.00	0.43	0.20	-0.11	252	
